0.000000000000000000e+00 -0.000000000000000000e+00
1.216545012165450154e-03 -4.167909314663346455e-05
2.433090024330900308e-03 -1.572286885748422521e-04
3.649635036496350245e-03 -3.309738715298341720e-04
4.866180048661800615e-03 -5.457177173207236869e-04
6.082725060827250986e-03 -7.832265263968204863e-04
7.299270072992700489e-03 -1.024693177663810011e-03
8.515815085158150860e-03 -1.250994932389608294e-03
9.732360097323601231e-03 -1.442457807245289348e-03
1.094890510948905160e-02 -1.578340757664031032e-03
1.216545012165450197e-02 -1.635272685561856747e-03
1.338199513381995234e-02 -1.593308837423852795e-03
1.459854014598540098e-02 -1.428036633309406585e-03
1.581508515815085308e-02 -1.119320712051012591e-03
1.703163017031630172e-02 -6.494678877212756466e-04
1.824817518248175383e-02 -3.402494818317641673e-06
1.946472019464720246e-02 8.318225991894360972e-04
2.068126520681265110e-02 1.868514666371596297e-03
2.189781021897810320e-02 3.120996203337684377e-03
2.311435523114355184e-02 4.607424630001450035e-03
2.433090024330900394e-02 6.349018980329308726e-03
2.554744525547445258e-02 8.364969635411207902e-03
2.676399026763990469e-02 1.066291995072542707e-02
2.798053527980535332e-02 1.323584569549461284e-02
2.919708029197080196e-02 1.606573930168355216e-02
3.041362530413625406e-02 1.912676537789129508e-02
3.163017031630170617e-02 2.239157819185748355e-02
3.284671532846715480e-02 2.583942589069635268e-02
3.406326034063260344e-02 2.945886601644471386e-02
3.527980535279805208e-02 3.323975340165827991e-02
3.649635036496350765e-02 3.716284213079271148e-02
3.771289537712895629e-02 4.120244657727899912e-02
3.892944038929440492e-02 4.531995398700993521e-02
4.014598540145985356e-02 4.948204476928377837e-02
4.136253041362530219e-02 5.366920684560751165e-02
4.257907542579075777e-02 5.786536652128353858e-02
4.379562043795620641e-02 6.204687155019046607e-02
4.501216545012165504e-02 6.616422058667530137e-02
4.622871046228710368e-02 7.013154644425363682e-02
4.744525547445255925e-02 7.385656102844546933e-02
4.866180048661800789e-02 7.726162561414084973e-02
4.987834549878345652e-02 8.028642921934567300e-02
5.109489051094890516e-02 8.287635149370366217e-02
5.231143552311435380e-02 8.497147011088175550e-02
5.352798053527980937e-02 8.651134221348412423e-02
5.474452554744525801e-02 8.743291010489816217e-02
5.596107055961070664e-02 8.770307980714218965e-02
5.717761557177615528e-02 8.729146131840181955e-02
5.839416058394160391e-02 8.614914654840989672e-02
5.961070559610705949e-02 8.419874622325933256e-02
6.082725060827250813e-02 8.135146577880304763e-02
6.204379562043795676e-02 7.753462563309004851e-02
6.326034063260341234e-02 7.270323135665954228e-02
6.447688564476886097e-02 6.683464748071714367e-02
6.569343065693430961e-02 5.992174400754721880e-02
6.690997566909975824e-02 5.196215055905290675e-02
6.812652068126520688e-02 4.296075879385440749e-02
6.934306569343065552e-02 3.291446624069824939e-02
7.055961070559610415e-02 2.181505129138803373e-02
7.177615571776155279e-02 9.656340290850749103e-03
7.299270072992701530e-02 -3.560440894262665874e-03
7.420924574209246394e-02 -1.782312830089261002e-02
7.542579075425791257e-02 -3.309773291871490053e-02
7.664233576642336121e-02 -4.931670434655954088e-02
7.785888077858880985e-02 -6.638097671683264311e-02
7.907542579075425848e-02 -8.415309985204262599e-02
8.029197080291970712e-02 -1.024600777482332636e-01
8.150851581508515575e-02 -1.210973859082431076e-01
8.272506082725060439e-02 -1.398346170796178345e-01
8.394160583941606690e-02 -1.584219978179612354e-01
8.515815085158151554e-02 -1.766196793988533686e-01
8.637469586374696418e-02 -1.942125390289308196e-01
8.759124087591241281e-02 -2.109981345952469389e-01
8.880778588807786145e-02 -2.267608060671766346e-01
9.002433090024331008e-02 -2.412387561915464163e-01
9.124087591240875872e-02 -2.541125251015927122e-01
9.245742092457420735e-02 -2.649923902833056233e-01
9.367396593673965599e-02 -2.734792415634741958e-01
9.489051094890511850e-02 -2.792748034605245788e-01
9.610705596107056714e-02 -2.821709337758788738e-01
9.732360097323601578e-02 -2.819804753690617338e-01
9.854014598540146441e-02 -2.784785510239017325e-01
9.975669099756691305e-02 -2.714158682189258265e-01
1.009732360097323617e-01 -2.605855168676217692e-01
1.021897810218978103e-01 -2.458809345493770115e-01
1.034063260340632590e-01 -2.272989918174912471e-01
1.046228710462287076e-01 -2.048887400503785761e-01
1.058394160583941701e-01 -1.787102597914229651e-01
1.070559610705596187e-01 -1.488239995333995036e-01
1.082725060827250674e-01 -1.153614464873156664e-01
1.094890510948905160e-01 -7.861241705742272323e-02
1.107055961070559646e-01 -3.905315846703101557e-02
1.119221411192214133e-01 2.700017930327092142e-03
1.131386861313868619e-01 4.596222980497791794e-02
1.143552311435523106e-01 9.002724381532796472e-02
1.155717761557177592e-01 1.341888392502643967e-01
1.167883211678832078e-01 1.777148609424817893e-01
1.180048661800486703e-01 2.198360754994284350e-01
1.192214111922141190e-01 2.597468108831305633e-01
1.204379562043795676e-01 2.966090340705153094e-01
1.216545012165450163e-01 3.295625085475517579e-01
1.228710462287104649e-01 3.577374661759531449e-01
1.240875912408759135e-01 3.802767911825411518e-01
1.253041362530413760e-01 3.964605335122817209e-01
1.265206812652068247e-01 4.058639031411860887e-01
1.277372262773722733e-01 4.082017877319685240e-01
1.289537712895377219e-01 4.033314101147678632e-01
1.301703163017031706e-01 3.912858621262184644e-01
1.313868613138686192e-01 3.722433704917129660e-01
1.326034063260340679e-01 3.465175990622834656e-01
1.338199513381995165e-01 3.145526304564408848e-01
1.350364963503649651e-01 2.769250203182344605e-01
1.362530413625304138e-01 2.343244166258265648e-01
1.374695863746958624e-01 1.875286115437035939e-01
1.386861313868613110e-01 1.373930617245085750e-01
1.399026763990267597e-01 8.485347590866929024e-02
1.411192214111922083e-01 3.091194813753543602e-02
1.423357664233576569e-01 -2.338791273316034522e-02
1.435523114355231056e-01 -7.698247162684546119e-02
1.447688564476885820e-01 -1.287968293282774901e-01
1.459854014598540306e-01 -1.777812754331162537e-01
1.472019464720194792e-01 -2.229735061670200802e-01
1.484184914841849279e-01 -2.635544284546021965e-01
1.496350364963503765e-01 -2.988906752457054505e-01
1.508515815085158251e-01 -3.285479312159712562e-01
1.520681265206812738e-01 -3.522773258064415547e-01
1.532846715328467224e-01 -3.699473612342888407e-01
1.545012165450121711e-01 -3.815071884714290040e-01
1.557177615571776197e-01 -3.869794113982714667e-01
1.569343065693430683e-01 -3.864667543776895697e-01
1.581508515815085170e-01 -3.801598510433928380e-01
1.593673965936739656e-01 -3.683355182884239243e-01
1.605839416058394142e-01 -3.513590617908924907e-01
1.618004866180048629e-01 -3.297109839274205978e-01
1.630170316301703115e-01 -3.039937527081061353e-01
1.642335766423357601e-01 -2.748570056048456611e-01
1.654501216545012088e-01 -2.429778898924079278e-01
1.666666666666666574e-01 -2.090282528827905328e-01
1.678832116788321338e-01 -1.736186222892869835e-01
1.690997566909975824e-01 -1.372652408513994893e-01
1.703163017031630311e-01 -1.003953239498813488e-01
1.715328467153284797e-01 -6.341442168449190619e-02
1.727493917274939284e-01 -2.674484956891717488e-02
1.739659367396593770e-01 9.225864604810282005e-03
1.751824817518248256e-01 4.414553149317262948e-02
1.763990267639902743e-01 7.768578768524776745e-02
1.776155717761557229e-01 1.095275354027422654e-01
1.788321167883211715e-01 1.393437821283523559e-01
1.800486618004866202e-01 1.667953222189464402e-01
1.812652068126520688e-01 1.915976762936655309e-01
1.824817518248175174e-01 2.135735938770901010e-01
1.836982968369829661e-01 2.326959090155473475e-01
1.849148418491484147e-01 2.490661615843101084e-01
1.861313868613138633e-01 2.628350051607383775e-01
1.873479318734793120e-01 2.740789228689263224e-01
1.885644768856447606e-01 2.828043862101395356e-01
1.897810218978102370e-01 2.889503188289482272e-01
1.909975669099756856e-01 2.924768044673235479e-01
1.922141119221411343e-01 2.934071938991093531e-01
1.934306569343065829e-01 2.917883382505650491e-01
1.946472019464720316e-01 2.877885246426086230e-01
1.958637469586374802e-01 2.815916682514406633e-01
1.970802919708029288e-01 2.734128368269076459e-01
1.982968369829683775e-01 2.635001761171836820e-01
1.995133819951338261e-01 2.520793928274401297e-01
2.007299270072992747e-01 2.392787326027002448e-01
2.019464720194647234e-01 2.251395755333053250e-01
2.031630170316301720e-01 2.097021826931653454e-01
2.043795620437956206e-01 1.930650543037140954e-01
2.055961070559610693e-01 1.753878082961871643e-01
2.068126520681265179e-01 1.568672201266703148e-01
2.080291970802919665e-01 1.377065927634086862e-01
2.092457420924574152e-01 1.180851139652746851e-01
2.104622871046228638e-01 9.813992810414999546e-02
2.116788321167883402e-01 7.798056147783020975e-02
2.128953771289537888e-01 5.772076280377630431e-02
2.141119221411192375e-01 3.749453933222230556e-02
2.153284671532846861e-01 1.741193899914893206e-02
2.165450121654501348e-01 -2.447174353964993044e-03
2.177615571776155834e-01 -2.199557342474395966e-02
2.189781021897810320e-01 -4.117783981377187014e-02
2.201946472019464807e-01 -5.998077629944038869e-02
2.214111922141119293e-01 -7.839006218691794980e-02
2.226277372262773779e-01 -9.634122531674187140e-02
2.238442822384428266e-01 -1.137329005677625016e-01
2.250608272506082752e-01 -1.304122802503281109e-01
2.262773722627737238e-01 -1.462043867599208680e-01
2.274939172749391725e-01 -1.609581646063435456e-01
2.287104622871046211e-01 -1.745766236236070412e-01
2.299270072992700698e-01 -1.870030774666794071e-01
2.311435523114355184e-01 -1.982079599399602376e-01
2.323600973236009670e-01 -2.081554226985307676e-01
2.335766423357664157e-01 -2.168444550040743990e-01
2.347931873479318921e-01 -2.243229638611008159e-01
2.360097323600973407e-01 -2.306467115265951329e-01
2.372262773722627893e-01 -2.358384336428218653e-01
2.384428223844282380e-01 -2.398646688000359295e-01
2.396593673965936866e-01 -2.426469210493829298e-01
2.408759124087591352e-01 -2.441129967954717428e-01
2.420924574209245839e-01 -2.442324169105362375e-01
2.433090024330900325e-01 -2.430153791441702071e-01
2.445255474452554811e-01 -2.404553971398355194e-01
2.457420924574209298e-01 -2.365584434906336242e-01
2.469586374695863784e-01 -2.313654557987666893e-01
2.481751824817518270e-01 -2.249224954672337518e-01
2.493917274939172757e-01 -2.172689007418186491e-01
2.506082725060827521e-01 -2.084199326362414229e-01
2.518248175182482007e-01 -1.983689539208179087e-01
2.530413625304136493e-01 -1.871135283742193511e-01
2.542579075425790980e-01 -1.746782822737991403e-01
2.554744525547445466e-01 -1.611360396924540195e-01
2.566909975669099953e-01 -1.465910656147862423e-01
2.579075425790754439e-01 -1.311478703003102764e-01
2.591240875912408925e-01 -1.148881417839570790e-01
2.603406326034063412e-01 -9.785265625037428694e-02
2.615571776155717898e-01 -8.007931165331255707e-02
2.627737226277372384e-01 -6.159954755328544279e-02
2.639902676399026871e-01 -4.246612995871304475e-02
2.652068126520681357e-01 -2.276848434143585037e-02
2.664233576642335843e-01 -2.640428434661788986e-03
2.676399026763990330e-01 1.775177755994599565e-02
2.688564476885644816e-01 3.824168963919313824e-02
2.700729927007299302e-01 5.870162760025413040e-02
2.712895377128953789e-01 7.906329750914715959e-02
2.725060827250608275e-01 9.928775953627276551e-02
2.737226277372262762e-01 1.193424666748922197e-01
2.749391727493917248e-01 1.391241459805855341e-01
2.761557177615571734e-01 1.584299812029631715e-01
2.773722627737226221e-01 1.770228466583447513e-01
2.785888077858880707e-01 1.947047757189160622e-01
2.798053527980535193e-01 2.113529474226335525e-01
2.810218978102189680e-01 2.268692365310290837e-01
2.822384428223844166e-01 2.411304892519324228e-01
2.834549878345498652e-01 2.539841910923453794e-01
2.846715328467153139e-01 2.652452850377431948e-01
2.858880778588807625e-01 2.747324942634304379e-01
2.871046228710462112e-01 2.822838047827665453e-01
2.883211678832116598e-01 2.877544008942760634e-01
2.895377128953771639e-01 2.910000112579712583e-01
2.907542579075426126e-01 2.918818061881692238e-01
2.919708029197080612e-01 2.902893717575313892e-01
2.931873479318735098e-01 2.861413180793925815e-01
2.944038929440389585e-01 2.793813172240701137e-01
2.956204379562044071e-01 2.699697033975317351e-01
2.968369829683698558e-01 2.578497417088588817e-01
2.980535279805353044e-01 2.429614783693068158e-01
2.992700729927007530e-01 2.252794801788543799e-01
3.004866180048662017e-01 2.048220970966452836e-01
3.017031630170316503e-01 1.816579505764129576e-01
3.029197080291970989e-01 1.558900113245911823e-01
3.041362530413625476e-01 1.276364095425764345e-01
3.053527980535279962e-01 9.704172203992229850e-02
3.065693430656934448e-01 6.431392977663022426e-02
3.077858880778588935e-01 2.975325992016992355e-02
3.090024330900243421e-01 -6.249746109566078900e-03
3.102189781021897907e-01 -4.325758382425905907e-02
3.114355231143552394e-01 -8.083125789343718892e-02
3.126520681265206880e-01 -1.185449275814009912e-01
3.138686131386861367e-01 -1.559728474806746923e-01
3.150851581508515853e-01 -1.926478304344377834e-01
3.163017031630170339e-01 -2.280177436379197675e-01
3.175182481751824826e-01 -2.614636527266647192e-01
3.187347931873479312e-01 -2.923330221722323929e-01
3.199513381995133798e-01 -3.199715596623398661e-01
3.211678832116788285e-01 -3.437405612491857831e-01
3.223844282238442771e-01 -3.630224681454453095e-01
3.236009732360097257e-01 -3.772348733219523798e-01
3.248175182481751744e-01 -3.858528735767216555e-01
3.260340632603406230e-01 -3.884338336249309465e-01
3.272506082725060716e-01 -3.846314097895865980e-01
3.284671532846715203e-01 -3.741940011217705919e-01
3.296836982968369689e-01 -3.569689472099171201e-01
3.309002433090024176e-01 -3.329770426601794675e-01
3.321167883211678662e-01 -3.023796850428233096e-01
3.333333333333333148e-01 -2.654606683179592252e-01
3.345498783454988190e-01 -2.226962854229457001e-01
3.357664233576642676e-01 -1.747442953281987676e-01
3.369829683698297162e-01 -1.224299351410785691e-01
3.381995133819951649e-01 -6.672163163108649209e-02
3.394160583941606135e-01 -8.707411775173316132e-03
3.406326034063260622e-01 5.043655030435490599e-02
3.418491484184915108e-01 1.094621744085655102e-01
3.430656934306569594e-01 1.670595720500289427e-01
3.442822384428224081e-01 2.219058007974895053e-01
3.454987834549878567e-01 2.727353242062047212e-01
3.467153284671533053e-01 3.183354888094540591e-01
3.479318734793187540e-01 3.575764094099111445e-01
3.491484184914842026e-01 3.894808517974047146e-01
3.503649635036496512e-01 4.132646378048527858e-01
3.515815085158150999e-01 4.283454211198938766e-01
3.527980535279805485e-01 4.343589950343698103e-01
3.540145985401459972e-01 4.311725500191117555e-01
3.552311435523114458e-01 4.188972910640224034e-01
3.564476885644768944e-01 3.978924621696966479e-01
3.576642335766423431e-01 3.687469250933945175e-01
3.588807785888077917e-01 3.322478318001150233e-01
3.600973236009732403e-01 2.893392347946082133e-01
3.613138686131386890e-01 2.410868432183308208e-01
3.625304136253041376e-01 1.886327606262729051e-01
3.637469586374695862e-01 1.331761625992805009e-01
3.649635036496350349e-01 7.594921269005713849e-02
3.661800486618004835e-01 1.821630165568852502e-02
3.673965936739659321e-01 -3.874816018582850213e-02
3.686131386861313808e-01 -9.375433965158638805e-02
3.698296836982968294e-01 -1.457815461614624108e-01
3.710462287104622781e-01 -1.939956614633444043e-01
3.722627737226277267e-01 -2.376931252459636990e-01
3.734793187347931753e-01 -2.762004273019122991e-01
3.746958637469586240e-01 -3.089359302020607267e-01
3.759124087591240726e-01 -3.355926885107279878e-01
3.771289537712895212e-01 -3.559904896629371152e-01
3.783454987834550254e-01 -3.700557373203622880e-01
3.795620437956204740e-01 -3.778218454071290422e-01
3.807785888077859227e-01 -3.794522848864459452e-01
3.819951338199513713e-01 -3.752068894201507909e-01
3.832116788321168199e-01 -3.654290318279478922e-01
3.844282238442822686e-01 -3.505495697532160504e-01
3.856447688564477172e-01 -3.310737693982852559e-01
3.868613138686131658e-01 -3.075501443559341963e-01
3.880778588807786145e-01 -2.805415138068084735e-01
3.892944038929440631e-01 -2.506077784769655814e-01
3.905109489051095117e-01 -2.183077773245210296e-01
3.917274939172749604e-01 -1.841831141787804160e-01
3.929440389294404090e-01 -1.487117225218836658e-01
3.941605839416058576e-01 -1.123078681315767408e-01
3.953771289537713063e-01 -7.539122210117842060e-02
3.965936739659367549e-01 -3.844821682186910783e-02
3.978102189781022036e-01 -2.011971471732633843e-03
3.990267639902676522e-01 3.338522490715536278e-02
4.002433090024331008e-01 6.732711909662944527e-02
4.014598540145985495e-01 9.951441642078702465e-02
4.026763990267639981e-01 1.297250196258364907e-01
4.038929440389294467e-01 1.578050617978170589e-01
4.051094890510948954e-01 1.835947195904894802e-01
4.063260340632603440e-01 2.069503708886264448e-01
4.075425790754257926e-01 2.277513433488767003e-01
4.087591240875912413e-01 2.458757545974212255e-01
4.099756690997566899e-01 2.612122671531776352e-01
4.111922141119221386e-01 2.737233218974255422e-01
4.124087591240875872e-01 2.834384264600745551e-01
4.136253041362530358e-01 2.904716514214221723e-01
4.148418491484184845e-01 2.948016613537211006e-01
4.160583941605839331e-01 2.964191575108041099e-01
4.172749391727493817e-01 2.953806347281190958e-01
4.184914841849148304e-01 2.918138177651347642e-01
4.197080291970802790e-01 2.858515743399382969e-01
4.209245742092457276e-01 2.775826647217076171e-01
4.221411192214111763e-01 2.670799818609545517e-01
4.233576642335766804e-01 2.544310751224045375e-01
4.245742092457421291e-01 2.397553017116522689e-01
4.257907542579075777e-01 2.232179889045295962e-01
4.270072992700730263e-01 2.050116524724756306e-01
4.282238442822384750e-01 1.853527153019385865e-01
4.294403892944039236e-01 1.644360964953453241e-01
4.306569343065693722e-01 1.424225394363272945e-01
4.318734793187348209e-01 1.194970737107592385e-01
4.330900243309002695e-01 9.585575683846911388e-02
4.343065693430657181e-01 7.167765273982944219e-02
4.355231143552311668e-01 4.712489286890967494e-02
4.367396593673966154e-01 2.236399805548228148e-02
4.379562043795620641e-01 -2.419798155094665323e-03
4.391727493917275127e-01 -2.702814407846915526e-02
4.403892944038929613e-01 -5.126999770965142561e-02
4.416058394160584100e-01 -7.497842245836788821e-02
4.428223844282238586e-01 -9.801669041282001782e-02
4.440389294403893072e-01 -1.202854217039446838e-01
4.452554744525547559e-01 -1.417096461644884453e-01
4.464720194647202045e-01 -1.621081523030494520e-01
4.476885644768856531e-01 -1.813434503694739686e-01
4.489051094890511018e-01 -1.992570059336644106e-01
4.501216545012165504e-01 -2.156997696175662338e-01
4.513381995133819991e-01 -2.305117582786508357e-01
4.525547445255474477e-01 -2.435656001588180908e-01
4.537712895377128963e-01 -2.548227057419301667e-01
4.549878345498783450e-01 -2.642547087229835112e-01
4.562043795620437936e-01 -2.717955479436392485e-01
4.574209245742092422e-01 -2.773444555408454137e-01
4.586374695863746909e-01 -2.807910379701789583e-01
4.598540145985401395e-01 -2.820214627834389809e-01
4.610705596107055881e-01 -2.809433817148544454e-01
4.622871046228710368e-01 -2.774961486556983825e-01
4.635036496350364854e-01 -2.716467472801641359e-01
4.647201946472019340e-01 -2.634071350974834802e-01
4.659367396593673827e-01 -2.528240347634921337e-01
4.671532846715328313e-01 -2.399733663446896315e-01
4.683698296836983355e-01 -2.249553852965676948e-01
4.695863746958637841e-01 -2.078823171888037613e-01
4.708029197080292327e-01 -1.888577885292538616e-01
4.720194647201946814e-01 -1.679508318698265112e-01
4.732360097323601300e-01 -1.452355798442133694e-01
4.744525547445255786e-01 -1.207869228781573295e-01
4.756690997566910273e-01 -9.470697672616859575e-02
4.768856447688564759e-01 -6.715541233898666973e-02
4.781021897810219246e-01 -3.834929703067529311e-02
4.793187347931873732e-01 -8.551217755570078571e-03
4.805352798053528218e-01 2.196206848617712759e-02
4.817518248175182705e-01 5.292279562694075096e-02
4.829683698296837191e-01 8.406018826792317766e-02
4.841849148418491677e-01 1.150909975844859739e-01
4.854014598540146164e-01 1.456898671023383052e-01
4.866180048661800650e-01 1.754893976941822031e-01
4.878345498783455136e-01 2.040755798703746682e-01
4.890510948905109623e-01 2.310314014928267490e-01
4.902676399026764109e-01 2.559773191443235341e-01
4.914841849148418595e-01 2.785947705639407745e-01
4.927007299270073082e-01 2.986187373783968924e-01
4.939172749391727568e-01 3.157555052359541370e-01
4.951338199513382055e-01 3.296444296717069289e-01
4.963503649635036541e-01 3.398517539645363739e-01
4.975669099756691027e-01 3.459187761047157195e-01
4.987834549878345514e-01 3.474387370648078233e-01
5.000000000000000000e-01 3.441208366943485086e-01
5.012165450121655041e-01 3.358092207804151408e-01
5.024330900243308973e-01 3.224556162827882932e-01
5.036496350364964014e-01 3.040649761564767628e-01
5.048661800486617945e-01 2.806528389171177307e-01
5.060827250608272987e-01 2.522441568242806964e-01
5.072992700729926918e-01 2.189251725308105356e-01
5.085158150851581960e-01 1.809076534564028893e-01
5.097323600973235891e-01 1.385803398957677901e-01
5.109489051094890932e-01 9.252831292422090959e-02
5.121654501216544864e-01 4.348806579226491276e-02
5.133819951338199905e-01 -7.737660506411583178e-03
5.145985401459853836e-01 -6.033982886289881303e-02
5.158150851581508878e-01 -1.134604421874961383e-01
5.170316301703162809e-01 -1.661464579192097335e-01
5.182481751824817851e-01 -2.173542664067885932e-01
5.194647201946471782e-01 -2.659689260193381366e-01
5.206812652068126823e-01 -3.107610806348524712e-01
5.218978102189780754e-01 -3.503844207546044642e-01
5.231143552311435796e-01 -3.835185055880576122e-01
5.243309002433089727e-01 -4.090849764697346846e-01
5.255474452554744769e-01 -4.263019165995967086e-01
5.267639902676398700e-01 -4.345201640188557923e-01
5.279805352798053741e-01 -4.331262751043490344e-01
5.291970802919707673e-01 -4.216438270849174330e-01
5.304136253041362714e-01 -3.998811977107820659e-01
5.316301703163016645e-01 -3.681673963702871144e-01
5.328467153284671687e-01 -3.270626852772042237e-01
5.340632603406326728e-01 -2.771128042810274139e-01
5.352798053527980660e-01 -2.191939118922611174e-01
5.364963503649635701e-01 -1.550227499079716853e-01
5.377128953771289632e-01 -8.608972701553802009e-02
5.389294403892944674e-01 -1.375251762844760181e-02
5.401459854014598605e-01 5.917775728836076332e-02
5.413625304136253646e-01 1.314595632089694821e-01
5.425790754257907578e-01 2.006954459427715554e-01
5.437956204379562619e-01 2.652465293930152401e-01
5.450121654501216550e-01 3.227820722351667504e-01
5.462287104622871592e-01 3.715056988963825191e-01
5.474452554744525523e-01 4.113467164006020527e-01
5.486618004866180565e-01 4.399117095234057473e-01
5.498783454987834496e-01 4.564424357380832964e-01
5.510948905109489537e-01 4.609793637816489986e-01
5.523114355231143469e-01 4.536873023725446763e-01
5.535279805352798510e-01 4.349017233599648535e-01
5.547445255474452441e-01 4.052503303513529942e-01
5.559610705596107483e-01 3.656098875364454659e-01
5.571776155717761414e-01 3.170847636383155033e-01
5.583941605839416455e-01 2.611337343799668975e-01
5.596107055961070387e-01 1.995048972119149167e-01
5.608272506082725428e-01 1.340853505435827264e-01
5.620437956204379359e-01 6.677536228530207840e-02
5.632603406326034401e-01 -6.222529444756209806e-04
5.644768856447688332e-01 -6.649564727030353450e-02
5.656934306569343374e-01 -1.294349855336583976e-01
5.669099756690997305e-01 -1.881760282208881085e-01
5.681265206812652346e-01 -2.415635148316887526e-01
5.693430656934306278e-01 -2.885757053022180996e-01
5.705596107055961319e-01 -3.283878019782301982e-01
5.717761557177615250e-01 -3.603920025636256907e-01
5.729927007299270292e-01 -3.841050768900712842e-01
5.742092457420924223e-01 -3.992635495431077763e-01
5.754257907542579265e-01 -4.059543004247374021e-01
5.766423357664233196e-01 -4.045362786323362658e-01
5.778588807785888237e-01 -3.954518915805087520e-01
5.790754257907543279e-01 -3.791808414082050160e-01
5.802919708029197210e-01 -3.563586531309912986e-01
5.815085158150852251e-01 -3.277694030802189018e-01
5.827250608272506183e-01 -2.941877551467330099e-01
5.839416058394161224e-01 -2.563420569962558959e-01
5.851581508515815155e-01 -2.149982541379069911e-01
5.863746958637470197e-01 -1.709933345159833085e-01
5.875912408759124128e-01 -1.252069362455428547e-01
5.888077858880779170e-01 -7.851155827704343892e-02
5.900243309002433101e-01 -3.170560160543153122e-02
5.912408759124088142e-01 1.452510926544058924e-02
5.924574209245742074e-01 5.952401126278424048e-02
5.936739659367397115e-01 1.025968786341303202e-01
5.948905109489051046e-01 1.431816456903600987e-01
5.961070559610706088e-01 1.808977670195670295e-01
5.973236009732360019e-01 2.153619250931025353e-01
5.985401459854015060e-01 2.461298714290037770e-01
5.997566909975668992e-01 2.728393973497045821e-01
6.009732360097324033e-01 2.952025590704158708e-01
6.021897810218977964e-01 3.130017340953638039e-01
6.034063260340633006e-01 3.262476461828489604e-01
6.046228710462286937e-01 3.349018029272894936e-01
6.058394160583941979e-01 3.392402261938921582e-01
6.070559610705595910e-01 3.385888634527828844e-01
6.082725060827250951e-01 3.338719483671980792e-01
6.094890510948904883e-01 3.250910074942673922e-01
6.107055961070559924e-01 3.120798531573740209e-01
6.119221411192213855e-01 2.953542866098866071e-01
6.131386861313868897e-01 2.752365666995843507e-01
6.143552311435522828e-01 2.519533476827862661e-01
6.155717761557177869e-01 2.257627788462051865e-01
6.167883211678831801e-01 1.969880529331544672e-01
6.180048661800486842e-01 1.660095187299892305e-01
6.192214111922140773e-01 1.332365934755214143e-01
6.204379562043795815e-01 9.908136740241067775e-02
6.216545012165449746e-01 6.394509471270509726e-02
6.228710462287104788e-01 2.820980650899598818e-02
6.240875912408759829e-01 -7.768144052903221131e-03
6.253041362530413760e-01 -4.364707529799091712e-02
6.265206812652068802e-01 -7.906644702637936895e-02
6.277372262773722733e-01 -1.136064110919956377e-01
6.289537712895377775e-01 -1.467957288264301885e-01
6.301703163017031706e-01 -1.781803354369336512e-01
6.313868613138686747e-01 -2.073987858105924564e-01
6.326034063260340679e-01 -2.341744433784642976e-01
6.338199513381995720e-01 -2.582563069896053332e-01
6.350364963503649651e-01 -2.793826356364084162e-01
6.362530413625304693e-01 -2.972949293568362128e-01
6.374695863746958624e-01 -3.117422706221212869e-01
6.386861313868613665e-01 -3.224638276138955817e-01
6.399026763990267597e-01 -3.292213198500997251e-01
6.411192214111922638e-01 -3.318881274346858201e-01
6.423357664233576569e-01 -3.303529410127430954e-01
6.435523114355231611e-01 -3.244704079733273794e-01
6.447688564476885542e-01 -3.143547079507307274e-01
6.459854014598540584e-01 -3.000607385759047063e-01
6.472019464720194515e-01 -2.815110083392643459e-01
6.484184914841849556e-01 -2.591106009902754970e-01
6.496350364963503488e-01 -2.328071257231602575e-01
6.508515815085158529e-01 -2.028231126449854538e-01
6.520681265206812460e-01 -1.694941141368194737e-01
6.532846715328467502e-01 -1.330640352986451613e-01
6.545012165450121433e-01 -9.398187212331386708e-02
6.557177615571776474e-01 -5.267633517945381066e-02
6.569343065693430406e-01 -9.697666534330630708e-03
6.581508515815085447e-01 3.431571468745596432e-02
6.593673965936739378e-01 7.871815704173719397e-02
6.605839416058394420e-01 1.228709710938466204e-01
6.618004866180048351e-01 1.661064238701067119e-01
6.630170316301703393e-01 2.077022653314337108e-01
6.642335766423357324e-01 2.468953591786929580e-01
6.654501216545012365e-01 2.829213453244127652e-01
6.666666666666666297e-01 3.150438446843893958e-01
6.678832116788321338e-01 3.425497402496611166e-01
6.690997566909976380e-01 3.647347337347170981e-01
6.703163017031630311e-01 3.809123653140692456e-01
6.715328467153285352e-01 3.904119071004528707e-01
6.727493917274939284e-01 3.926793949488293634e-01
6.739659367396594325e-01 3.872605214602992674e-01
6.751824817518248256e-01 3.738811986735383619e-01
6.763990267639903298e-01 3.524051428860807134e-01
6.776155717761557229e-01 3.228722799852959957e-01
6.788321167883212270e-01 2.854837722150913026e-01
6.800486618004866202e-01 2.406089370617255363e-01
6.812652068126521243e-01 1.889901078031100690e-01
6.824817518248175174e-01 1.314562796919250265e-01
6.836982968369830216e-01 6.909764450016536719e-02
6.849148418491484147e-01 3.093872969890294061e-03
6.861313868613139189e-01 -6.519939632537452567e-02
6.873479318734793120e-01 -1.340390816658051099e-01
6.885644768856448161e-01 -2.014672652199148428e-01
6.897810218978102093e-01 -2.654962047287001137e-01
6.909975669099757134e-01 -3.241693131857839028e-01
6.922141119221411065e-01 -3.755911492921855666e-01
6.934306569343066107e-01 -4.179796746981279676e-01
6.946472019464720038e-01 -4.496506518313008183e-01
6.958637469586375079e-01 -4.690104201045449672e-01
6.970802919708029011e-01 -4.746323280238805564e-01
6.982968369829684052e-01 -4.654349020582942420e-01
6.995133819951337983e-01 -4.410229170733094839e-01
7.007299270072993025e-01 -4.016627581587844387e-01
7.019464720194646956e-01 -3.482978043652406042e-01
7.031630170316301998e-01 -2.823899055780345058e-01
7.043795620437955929e-01 -2.059445389433684770e-01
7.055961070559610970e-01 -1.212287402893777594e-01
7.068126520681264902e-01 -3.063726155041318622e-02
7.080291970802919943e-01 6.260022808721966980e-02
7.092457420924573874e-01 1.551293937660515321e-01
7.104622871046228916e-01 2.431403135396574267e-01
7.116788321167882847e-01 3.232321481829315002e-01
7.128953771289537888e-01 3.925040643899378456e-01
7.141119221411192930e-01 4.483339319091200204e-01
7.153284671532846861e-01 4.883558425410077231e-01
7.165450121654501903e-01 5.106390212355166325e-01
7.177615571776155834e-01 5.138445953183512493e-01
7.189781021897810875e-01 4.975758825406547681e-01
7.201946472019464807e-01 4.624238732915542105e-01
7.214111922141119848e-01 4.098045552931384727e-01
7.226277372262773779e-01 3.418394720692514710e-01
7.238442822384428821e-01 2.612082542434587817e-01
7.250608272506082752e-01 1.711097423216281777e-01
7.262773722627737794e-01 7.513534718332529061e-02
7.274939172749391725e-01 -2.262736796495447289e-02
7.287104622871046766e-01 -1.183279363586000610e-01
7.299270072992700698e-01 -2.082919461628258695e-01
7.311435523114355739e-01 -2.895730577597535049e-01
7.323600973236009670e-01 -3.595765956707143718e-01
7.335766423357664712e-01 -4.160200990255998321e-01
7.347931873479318643e-01 -4.571661812662325408e-01
7.360097323600973684e-01 -4.820408368911333064e-01
7.372262773722627616e-01 -4.904759667074700125e-01
7.384428223844282657e-01 -4.828969075013231360e-01
7.396593673965936588e-01 -4.597995982900215939e-01
7.408759124087591630e-01 -4.215042481095003790e-01
7.420924574209245561e-01 -3.688736669737200380e-01
7.433090024330900603e-01 -3.038680823590529378e-01
7.445255474452554534e-01 -2.297316124913507118e-01
7.457420924574209575e-01 -1.503758057119702896e-01
7.469586374695863507e-01 -6.915917035370316990e-02
7.481751824817518548e-01 1.156484363392803680e-02
7.493917274939172479e-01 9.000621539322362086e-02
7.506082725060827521e-01 1.642614137868625701e-01
7.518248175182481452e-01 2.324244206199774232e-01
7.530413625304136493e-01 2.925321545393119171e-01
7.542579075425790425e-01 3.440179803543219617e-01
7.554744525547445466e-01 3.861402579296008275e-01
7.566909975669100508e-01 4.180146713265853742e-01
7.579075425790754439e-01 4.388911432074823482e-01
7.591240875912409480e-01 4.477431611370881748e-01
7.603406326034063412e-01 4.425069217176341718e-01
7.615571776155718453e-01 4.232164536254625631e-01
7.627737226277372384e-01 3.915647862916365463e-01
7.639902676399027426e-01 3.500042139767001736e-01
7.652068126520681357e-01 3.006299882461478945e-01
7.664233576642336399e-01 2.452296367061317095e-01
7.676399026763990330e-01 1.856412798622375238e-01
7.688564476885645371e-01 1.220518150856001044e-01
7.700729927007299302e-01 5.657935553941376150e-02
7.712895377128954344e-01 -9.528943820241657370e-03
7.725060827250608275e-01 -7.590884511254863964e-02
7.737226277372263317e-01 -1.405613787172889928e-01
7.749391727493917248e-01 -2.024637454300579897e-01
7.761557177615572289e-01 -2.600941460973772990e-01
7.773722627737226221e-01 -3.109151968580701197e-01
7.785888077858881262e-01 -3.531679519742733087e-01
7.798053527980535193e-01 -3.856604825886240095e-01
7.810218978102190235e-01 -4.075312785616895250e-01
7.822384428223844166e-01 -4.187354705596254001e-01
7.834549878345499208e-01 -4.190481814157539509e-01
7.846715328467153139e-01 -4.094245165683824128e-01
7.858880778588808180e-01 -3.913949267192042281e-01
7.871046228710462112e-01 -3.650715685808936239e-01
7.883211678832117153e-01 -3.299968973529314731e-01
7.895377128953771084e-01 -2.855048812191630092e-01
7.907542579075426126e-01 -2.321490190155333366e-01
7.919708029197080057e-01 -1.716031169560719438e-01
7.931873479318735098e-01 -1.063525604697791033e-01
7.944038929440389030e-01 -3.727128255388842404e-02
7.956204379562044071e-01 3.378160939555766712e-02
7.968369829683698002e-01 1.045055350184263265e-01
7.980535279805353044e-01 1.734476877545191587e-01
7.992700729927006975e-01 2.376746247381664734e-01
8.004866180048662017e-01 2.963893243803090161e-01
8.017031630170317058e-01 3.477163402821877858e-01
8.029197080291970989e-01 3.907193824855053621e-01
8.041362530413626031e-01 4.234055045307419385e-01
8.053527980535279962e-01 4.442686403313687582e-01
8.065693430656935003e-01 4.523388575996378780e-01
8.077858880778588935e-01 4.465256498678470409e-01
8.090024330900243976e-01 4.270579532084465835e-01
8.102189781021897907e-01 3.931430894320559477e-01
8.114355231143552949e-01 3.452981106045113768e-01
8.126520681265206880e-01 2.851433492149685334e-01
8.138686131386861922e-01 2.141810027081753331e-01
8.150851581508515853e-01 1.339010692903109812e-01
8.163017031630170894e-01 4.688345633406752755e-02
8.175182481751824826e-01 -4.465522883811558902e-02
8.187347931873479867e-01 -1.375095556862094281e-01
8.199513381995133798e-01 -2.287784102610846138e-01
8.211678832116788840e-01 -3.138927388129023610e-01
8.223844282238442771e-01 -3.888805527172516374e-01
8.236009732360097813e-01 -4.500984503613442711e-01
8.248175182481751744e-01 -4.944338095606586325e-01
8.260340632603406785e-01 -5.189904296918794735e-01
8.272506082725060716e-01 -5.214981161849423508e-01
8.284671532846715758e-01 -5.005694192078691263e-01
8.296836982968369689e-01 -4.556718081674137610e-01
8.309002433090024731e-01 -3.872022374499730635e-01
8.321167883211678662e-01 -2.974537077818709685e-01
8.333333333333333703e-01 -1.894205912624770394e-01
8.345498783454987635e-01 -6.795067467691455476e-02
8.357664233576642676e-01 6.163115238359331144e-02
8.369829683698296607e-01 1.922569096293487434e-01
8.381995133819951649e-01 3.167250765217946018e-01
8.394160583941605580e-01 4.270923800217669153e-01
8.406326034063260622e-01 5.157061327304757192e-01
8.418491484184914553e-01 5.756017798130003138e-01
8.430656934306569594e-01 6.011605640986086296e-01
8.442822384428223526e-01 5.887700852881273539e-01
8.454987834549878567e-01 5.370215705927401384e-01
8.467153284671533608e-01 4.471630920660956132e-01
8.479318734793187540e-01 3.235355854799500941e-01
8.491484184914842581e-01 1.731277844480370587e-01
8.503649635036496512e-01 5.474280344183696072e-03
8.515815085158151554e-01 -1.676356589732272695e-01
8.527980535279805485e-01 -3.329582748446070495e-01
8.540145985401460527e-01 -4.768284550115150511e-01
8.552311435523114458e-01 -5.862755862141695307e-01
8.564476885644769499e-01 -6.503924662289547465e-01
8.576642335766423431e-01 -6.614224697088639804e-01
8.588807785888078472e-01 -6.157099098771517953e-01
8.600973236009732403e-01 -5.145768647037414212e-01
8.613138686131387445e-01 -3.645346266611790287e-01
8.625304136253041376e-01 -1.770740496788458240e-01
8.637469586374696418e-01 3.185233949964157152e-02
8.649635036496350349e-01 2.429801484964871916e-01
8.661800486618005390e-01 4.354751106314092013e-01
8.673965936739659321e-01 5.889504026534322367e-01
8.686131386861314363e-01 6.856058782993056377e-01
8.698296836982968294e-01 7.123800826477835191e-01
8.710462287104623336e-01 6.628203852212879443e-01
8.722627737226277267e-01 5.384087202799106020e-01
8.734793187347932308e-01 3.491807066051798580e-01
8.746958637469586240e-01 1.135105140972783033e-01
8.759124087591241281e-01 -1.430619437103314295e-01
8.771289537712895212e-01 -3.898826235407131247e-01
8.783454987834550254e-01 -5.945187836742930054e-01
8.795620437956204185e-01 -7.269333593862273846e-01
8.807785888077859227e-01 -7.638769513812461165e-01
8.819951338199513158e-01 -6.930809648443163606e-01
8.832116788321168199e-01 -5.166714893649478890e-01
8.844282238442822131e-01 -2.531839414873346406e-01
8.856447688564477172e-01 6.243175015495997654e-02
8.868613138686131103e-01 3.813933728806018775e-01
8.880778588807786145e-01 6.466899361627662657e-01
8.892944038929440076e-01 8.018009496431450778e-01
8.905109489051095117e-01 8.020917921642896076e-01
8.917274939172750159e-01 6.276780359163276479e-01
8.929440389294404090e-01 2.955098663810131754e-01
8.941605839416059132e-01 -1.328717898403838915e-01
8.953771289537713063e-01 -5.528222383571930187e-01
8.965936739659368104e-01 -8.331335096202706625e-01
8.978102189781022036e-01 -8.524330238044370844e-01
8.990267639902677077e-01 -5.545796236706977966e-01
9.002433090024331008e-01 -8.322583664513978283e-03
9.014598540145986050e-01 5.661925528211939618e-01
9.026763990267639981e-01 8.596557105902022933e-01
9.038929440389295022e-01 6.543152597534930281e-01
9.051094890510948954e-01 4.090407937339059913e-02
9.063260340632603995e-01 -5.494570546825959800e-01
9.075425790754257926e-01 -6.571373492162799756e-01
9.087591240875912968e-01 -2.313701006971978225e-01
9.099756690997566899e-01 2.971435763179054446e-01
9.111922141119221941e-01 4.506337174412028967e-01
9.124087591240875872e-01 1.722885243249974718e-01
9.136253041362530913e-01 -1.838656574063514126e-01
9.148418491484184845e-01 -2.722859295657515943e-01
9.160583941605839886e-01 -8.450294437775621170e-02
9.172749391727493817e-01 1.258513383274120490e-01
9.184914841849148859e-01 1.547913256797916193e-01
9.197080291970802790e-01 2.964037277862333411e-02
9.209245742092457832e-01 -8.399862949562289516e-02
9.221411192214111763e-01 -8.225088080941575508e-02
9.233576642335766804e-01 -3.261597589183714164e-03
9.245742092457420735e-01 5.375638749264103483e-02
9.257907542579075777e-01 4.204815083845516582e-02
9.270072992700729708e-01 -5.340321498035646014e-03
9.282238442822384750e-01 -3.230506624861215897e-02
9.294403892944038681e-01 -1.992675323219765884e-02
9.306569343065693722e-01 7.508324504022651120e-03
9.318734793187347654e-01 1.920359394384108659e-02
9.330900243309002695e-01 9.140612590728087322e-03
9.343065693430656626e-01 -6.095150679841831835e-03
9.355231143552311668e-01 -1.037846669614703871e-02
9.367396593673966709e-01 -3.262002560196245685e-03
9.379562043795620641e-01 4.742754971948598061e-03
9.391727493917275682e-01 5.776338841346870430e-03
9.403892944038929613e-01 1.189117710952957482e-03
9.416058394160584655e-01 -2.822499085799256603e-03
9.428223844282238586e-01 -2.686148298622059120e-03
9.440389294403893627e-01 7.084195860649345465e-05
9.452554744525547559e-01 1.975300145274827904e-03
9.464720194647202600e-01 1.524791177362476652e-03
9.476885644768856531e-01 -6.534649467807237026e-05
9.489051094890511573e-01 -9.214594703747815661e-04
9.501216545012165504e-01 -4.979882986858280135e-04
9.513381995133820546e-01 3.590969783702438077e-04
9.525547445255474477e-01 6.870193794771278653e-04
9.537712895377129518e-01 3.575672008832509385e-04
9.549878345498783450e-01 -9.201123212427852235e-05
9.562043795620438491e-01 -2.009668319921611870e-04
9.574209245742092422e-01 7.837867896269039227e-06
9.586374695863747464e-01 2.223262848462643994e-04
9.598540145985401395e-01 2.368465605814361991e-04
9.610705596107056436e-01 1.053665623306133015e-04
9.622871046228710368e-01 -2.130613308227781110e-06
9.635036496350365409e-01 8.285008338692138200e-07
9.647201946472019340e-01 6.693567791218138247e-05
9.659367396593674382e-01 1.075942104867334440e-04
9.671532846715328313e-01 9.069486285168317917e-05
9.683698296836983355e-01 4.966133608920537327e-05
9.695863746958637286e-01 2.760088081539314341e-05
9.708029197080292327e-01 3.352806776189040644e-05
9.720194647201946259e-01 4.734403440922318470e-05
9.732360097323601300e-01 4.999399632845151140e-05
9.744525547445255231e-01 4.060302041982862643e-05
9.756690997566910273e-01 2.990379959099660233e-05
9.768856447688564204e-01 2.557911196947332554e-05
9.781021897810219246e-01 2.632599624249543015e-05
9.793187347931874287e-01 2.668753895101898309e-05
9.805352798053528218e-01 2.384349427853728429e-05
9.817518248175183260e-01 1.918249034813991022e-05
9.829683698296837191e-01 1.529896244131676914e-05
9.841849148418492232e-01 1.312376366422849385e-05
9.854014598540146164e-01 1.180879586788961315e-05
9.866180048661801205e-01 1.031117239137828911e-05
9.878345498783455136e-01 8.448403233608107454e-06
9.890510948905110178e-01 6.645259347206445384e-06
9.902676399026764109e-01 5.216759483800505698e-06
9.914841849148419151e-01 4.109821146612045962e-06
9.927007299270073082e-01 3.139971668523222562e-06
9.939172749391728123e-01 2.237063213686201300e-06
9.951338199513382055e-01 1.445676181880264461e-06
9.963503649635037096e-01 8.155020812400702022e-07
9.975669099756691027e-01 3.616502586943493776e-07
9.987834549878346069e-01 8.900769136227341350e-08
1.000000000000000000e+00 0.000000000000000000e+00
