0.000000000000000000e+00 -4.167856380889895798e-05
1.218026796589524903e-03 -1.571961168680036818e-04
2.436053593179049806e-03 -3.307049532869484813e-04
3.654080389768574709e-03 -5.448287698608780859e-04
4.872107186358099612e-03 -7.813643349739971032e-04
6.090133982947624515e-03 -1.022046698252673108e-03
7.308160779537149418e-03 -1.248215817481409173e-03
8.526187576126675188e-03 -1.439908157626557800e-03
9.744214372716199224e-03 -1.575289279259563073e-03
1.096224116930572326e-02 -1.628282516344479970e-03
1.218026796589524903e-02 -1.572371602402359040e-03
1.339829476248477480e-02 -1.376604724223504540e-03
1.461632155907429884e-02 -1.020048752222564798e-03
1.583434835566382287e-02 -4.849141670448151812e-04
1.705237515225335038e-02 2.523602580684350871e-04
1.827040194884287441e-02 1.211429000287535815e-03
1.948842874543239845e-02 2.398787361083362744e-03
2.070645554202192248e-02 3.829408763035365652e-03
2.192448233861144652e-02 5.532216418183149957e-03
2.314250913520097402e-02 7.492052781380665813e-03
2.436053593179049806e-02 9.618621177454128590e-03
2.557856272838002210e-02 1.179578362813922358e-02
2.679658952496954960e-02 1.391389347829247863e-02
2.801461632155907364e-02 1.583390267465375340e-02
2.923264311814859767e-02 1.744487414478115839e-02
3.045066991473812171e-02 1.885885832529195227e-02
3.166869671132764574e-02 2.043571701594744730e-02
3.288672350791717325e-02 2.256891971303854813e-02
3.410475030450670075e-02 2.560510128700966420e-02
3.532277710109622132e-02 2.988360675511385345e-02
3.654080389768574882e-02 3.553399197170258039e-02
3.775883069427526939e-02 4.214127496853622978e-02
3.897685749086479690e-02 4.892390594093833783e-02
4.019488428745432440e-02 5.528546504324312327e-02
4.141291108404384497e-02 6.086744554542293517e-02
4.263093788063337247e-02 6.531354745804120177e-02
4.384896467722289304e-02 6.865786730874431920e-02
4.506699147381242054e-02 7.176375413846915186e-02
4.628501827040194805e-02 7.578140268601273044e-02
4.750304506699146861e-02 8.121923905758103579e-02
4.872107186358099612e-02 8.799359061674127958e-02
4.993909866017052362e-02 9.591162426995410162e-02
5.115712545676004419e-02 1.040905531118841570e-01
5.237515225334957170e-02 1.104264504166887900e-01
5.359317904993909920e-02 1.127997387719162220e-01
5.481120584652861977e-02 1.103257651399103395e-01
5.602923264311814727e-02 1.028013731770563571e-01
5.724725943970766784e-02 9.008293194090399858e-02
5.846528623629719534e-02 7.306426520955741633e-02
5.968331303288672285e-02 5.420613156158223672e-02
6.090133982947624341e-02 3.559772056321222622e-02
6.211936662606577092e-02 1.775865668336475828e-02
6.333739342265529149e-02 1.369009202788841950e-03
6.455542021924481899e-02 -1.198731393566494254e-02
6.577344701583434650e-02 -2.173531502375984983e-02
6.699147381242387400e-02 -2.891554176768406162e-02
6.820950060901340151e-02 -3.376158984733755586e-02
6.942752740560291513e-02 -3.485201668824967208e-02
7.064555420219244264e-02 -3.224666981661061804e-02
7.186358099878197014e-02 -2.857470181586336741e-02
7.308160779537149765e-02 -2.596621349274793114e-02
7.429963459196102515e-02 -2.548184149957573655e-02
7.551766138855053878e-02 -2.986794709758293018e-02
7.673568818514006629e-02 -4.330760559856841607e-02
7.795371498172959379e-02 -6.715110972332093142e-02
7.917174177831912130e-02 -9.885977498511373807e-02
8.038976857490864880e-02 -1.360528051905655345e-01
8.160779537149816243e-02 -1.769703268021097786e-01
8.282582216808768993e-02 -2.168895690223922035e-01
8.404384896467721744e-02 -2.495209089749748088e-01
8.526187576126674494e-02 -2.715996276128253561e-01
8.647990255785627245e-02 -2.826153546764561542e-01
8.769792935444578608e-02 -2.811323303658508910e-01
8.891595615103531358e-02 -2.663496360713952793e-01
9.013398294762484109e-02 -2.431224778272199072e-01
9.135200974421436859e-02 -2.191382205563129348e-01
9.257003654080389610e-02 -1.985092370009756690e-01
9.378806333739342360e-02 -1.836239458886654574e-01
9.500609013398293723e-02 -1.792556064285405204e-01
9.622411693057246473e-02 -1.888895296137652613e-01
9.744214372716199224e-02 -2.085527318468550773e-01
9.866017052375151974e-02 -2.295601586855057219e-01
9.987819732034104725e-02 -2.456745382420386925e-01
1.010962241169305609e-01 -2.514123163537002048e-01
1.023142509135200884e-01 -2.387414105641087192e-01
1.035322777101096159e-01 -2.036743735955038326e-01
1.047503045066991434e-01 -1.516574437842639900e-01
1.059683313032886709e-01 -9.206874801642057904e-02
1.071863580998781984e-01 -3.095448050210501331e-02
1.084043848964677120e-01 2.681554338648478586e-02
1.096224116930572395e-01 7.384379317971519197e-02
1.108404384896467670e-01 1.074480414116001231e-01
1.120584652862362945e-01 1.349998845229909705e-01
1.132764920828258220e-01 1.655937804017402204e-01
1.144945188794153357e-01 2.030581166561517825e-01
1.157125456760048632e-01 2.486802558284962883e-01
1.169305724725943907e-01 3.029454828129917732e-01
1.181485992691839182e-01 3.593046949586227168e-01
1.193666260657734457e-01 4.027079359059515529e-01
1.205846528623629593e-01 4.217431535094179895e-01
1.218026796589524868e-01 4.150404376366446657e-01
1.230207064555420143e-01 3.839102808896310837e-01
1.242387332521315418e-01 3.307930271727547167e-01
1.254567600487210555e-01 2.666298659197343102e-01
1.266747868453105830e-01 2.105080297492939734e-01
1.278928136419001105e-01 1.774316476476263671e-01
1.291108404384896380e-01 1.710723008280916613e-01
1.303288672350791655e-01 1.899911303781104954e-01
1.315468940316686930e-01 2.294113349841885030e-01
1.327649208282582205e-01 2.752615329338817252e-01
1.339829476248477480e-01 3.084235164056386425e-01
1.352009744214372755e-01 3.159464289428405293e-01
1.364190012180268030e-01 2.938428523537821024e-01
1.376370280146163028e-01 2.409480307980475522e-01
1.388550548112058303e-01 1.587349448448763800e-01
1.400730816077953578e-01 5.873806869708218109e-02
1.412911084043848853e-01 -4.140885834923362097e-02
1.425091352009744128e-01 -1.303081362382085551e-01
1.437271619975639403e-01 -2.032815524632327620e-01
1.449451887941534678e-01 -2.565579998927641214e-01
1.461632155907429953e-01 -2.892611778515662424e-01
1.473812423873325228e-01 -3.096613815844138085e-01
1.485992691839220503e-01 -3.308176132242143241e-01
1.498172959805115501e-01 -3.582556318395571093e-01
1.510353227771010776e-01 -3.906119430448599661e-01
1.522533495736906051e-01 -4.275572137698573916e-01
1.534713763702801326e-01 -4.662977259088638693e-01
1.546894031668696601e-01 -4.963358829550063023e-01
1.559074299634591876e-01 -5.053726456929945599e-01
1.571254567600487151e-01 -4.889298129796078585e-01
1.583434835566382426e-01 -4.492771309102648880e-01
1.595615103532277701e-01 -3.880612432364426989e-01
1.607795371498172976e-01 -3.101142684517873560e-01
1.619975639464068251e-01 -2.287563104309510709e-01
1.632155907429963249e-01 -1.572749339711196626e-01
1.644336175395858524e-01 -1.009301649510228605e-01
1.656516443361753799e-01 -6.057765055602849780e-02
1.668696711327649074e-01 -3.872956130676113301e-02
1.680876979293544349e-01 -3.561345832425807933e-02
1.693057247259439624e-01 -4.295773510797394612e-02
1.705237515225334899e-01 -5.196673389380966623e-02
1.717417783191230174e-01 -6.097179124288591712e-02
1.729598051157125449e-01 -6.833518205360358810e-02
1.741778319123020724e-01 -6.770840575587540322e-02
1.753958587088915722e-01 -5.407513284752142602e-02
1.766138855054810997e-01 -2.814556363225024713e-02
1.778319123020706272e-01 9.718260274177143929e-03
1.790499390986601547e-01 6.447655679445973842e-02
1.802679658952496822e-01 1.374578595101701162e-01
1.814859926918392097e-01 2.209354859342229915e-01
1.827040194884287372e-01 3.071121136003713281e-01
1.839220462850182647e-01 3.922032942139721534e-01
1.851400730816077922e-01 4.701371017414547326e-01
1.863580998781973197e-01 5.304116029373916463e-01
1.875761266747868472e-01 5.659667186450894061e-01
1.887941534713763470e-01 5.779228298450760359e-01
1.900121802679658745e-01 5.677861893341150656e-01
1.912302070645554020e-01 5.350350575811521070e-01
1.924482338611449295e-01 4.857957315650976993e-01
1.936662606577344570e-01 4.319953326233058055e-01
1.948842874543239845e-01 3.809670653870775858e-01
1.961023142509135120e-01 3.329488473834889550e-01
1.973203410475030395e-01 2.887385537586301121e-01
1.985383678440925670e-01 2.521836056176731122e-01
1.997563946406820945e-01 2.210865713525947129e-01
2.009744214372716220e-01 1.871346285980807211e-01
2.021924482338611218e-01 1.471254928302277998e-01
2.034104750304506493e-01 1.031845659202169363e-01
2.046285018270401768e-01 5.530201921729746561e-02
2.058465286236297043e-01 2.646542719188576739e-03
2.070645554202192318e-01 -4.850171736608263617e-02
2.082825822168087593e-01 -8.619871280199409291e-02
2.095006090133982868e-01 -1.049935757084992927e-01
2.107186358099878143e-01 -1.069625069348765084e-01
2.119366626065773418e-01 -9.271796696362111234e-02
2.131546894031668693e-01 -6.375276165833942965e-02
2.143727161997563968e-01 -3.008797120759555688e-02
2.155907429963458966e-01 -6.898023308688387006e-03
2.168087697929354241e-01 -3.908619889058368921e-03
2.180267965895249516e-01 -2.326045065147057736e-02
2.192448233861144791e-01 -6.601102972638495103e-02
2.204628501827040066e-01 -1.286829463114828875e-01
2.216808769792935341e-01 -1.959030744400716284e-01
2.228989037758830616e-01 -2.486004194744639850e-01
2.241169305724725891e-01 -2.759336124434623727e-01
2.253349573690621166e-01 -2.746498714581857570e-01
2.265529841656516441e-01 -2.432542854802541010e-01
2.277710109622411438e-01 -1.851974497431514155e-01
2.289890377588306714e-01 -1.154020585850969033e-01
2.302070645554201989e-01 -5.184845436534127328e-02
2.314250913520097264e-01 -3.168310791889273476e-03
2.326431181485992539e-01 2.757773300528085572e-02
2.338611449451887814e-01 3.687888617347704484e-02
2.350791717417783089e-01 2.628585122390449808e-02
2.362971985383678364e-01 7.075004694707199074e-03
2.375152253349573639e-01 -8.895713147396110479e-03
2.387332521315468914e-01 -2.034230274326170873e-02
2.399512789281364189e-01 -3.106847983646505301e-02
2.411693057247259186e-01 -4.155486831503411166e-02
2.423873325213154462e-01 -5.466305134906732782e-02
2.436053593179049737e-01 -7.889530676375655638e-02
2.448233861144945012e-01 -1.192645902169555266e-01
2.460414129110840287e-01 -1.709979513655597583e-01
2.472594397076735562e-01 -2.264894916844087946e-01
2.484774665042630837e-01 -2.821346079236324855e-01
2.496954933008526112e-01 -3.316579039191112632e-01
2.509135200974421109e-01 -3.629410760666573199e-01
2.521315468940316662e-01 -3.697969535790656126e-01
2.533495736906211659e-01 -3.573405884729787818e-01
2.545676004872107212e-01 -3.327665673761066589e-01
2.557856272838002210e-01 -2.998686018073646320e-01
2.570036540803897762e-01 -2.654655572688054965e-01
2.582216808769792760e-01 -2.422891266542762101e-01
2.594397076735688312e-01 -2.385246524804114643e-01
2.606577344701583310e-01 -2.524313953481215900e-01
2.618757612667478307e-01 -2.806236191150647818e-01
2.630937880633373860e-01 -3.194112255507179920e-01
2.643118148599268857e-01 -3.561857444523834904e-01
2.655298416565164410e-01 -3.703895720409015602e-01
2.667478684531059407e-01 -3.467565753376621873e-01
2.679658952496954960e-01 -2.817110107941100949e-01
2.691839220462849958e-01 -1.761900581727117998e-01
2.704019488428745510e-01 -3.464382619138432068e-02
2.716199756394640508e-01 1.252244357010259823e-01
2.728380024360536060e-01 2.745764379109303377e-01
2.740560292326431058e-01 3.884092041730164424e-01
2.752740560292326055e-01 4.521549107717601768e-01
2.764920828258221608e-01 4.574440626013158151e-01
2.777101096224116605e-01 4.045050570291804926e-01
2.789281364190012158e-01 3.112647024360130632e-01
2.801461632155907155e-01 2.082145554891499384e-01
2.813641900121802708e-01 1.212073568932868911e-01
2.825822168087697706e-01 6.669904310472403453e-02
2.838002436053593258e-01 5.708588915830803412e-02
2.850182704019488256e-01 9.660521528436359640e-02
2.862362971985383253e-01 1.723964689323250199e-01
2.874543239951278806e-01 2.602266731800595978e-01
2.886723507917173803e-01 3.400979800832875655e-01
2.898903775883069356e-01 3.992539871984016053e-01
2.911084043848964353e-01 4.258407884666396415e-01
2.923264311814859906e-01 4.138503601526001274e-01
2.935444579780754903e-01 3.716524795813386794e-01
2.947624847746650456e-01 3.148815932697091036e-01
2.959805115712545454e-01 2.535220477529733785e-01
2.971985383678441006e-01 1.939285325292832429e-01
2.984165651644336004e-01 1.473186484397397134e-01
2.996345919610231001e-01 1.240425525320667521e-01
3.008526187576126554e-01 1.234752973423318134e-01
3.020706455542021551e-01 1.399290220542354635e-01
3.032886723507917104e-01 1.723629292283805070e-01
3.045066991473812101e-01 2.189153737315048531e-01
3.057247259439707654e-01 2.683878422008507680e-01
3.069427527405602651e-01 3.067859770722483614e-01
3.081607795371498204e-01 3.269424085655346923e-01
3.093788063337393202e-01 3.238753714081475943e-01
3.105968331303288754e-01 2.887221632097848878e-01
3.118148599269183752e-01 2.179119518225850760e-01
3.130328867235078749e-01 1.222656985089072557e-01
3.142509135200974302e-01 1.873334707710233929e-02
3.154689403166869299e-01 -7.970091571768629646e-02
3.166869671132764852e-01 -1.599633017415840186e-01
3.179049939098659849e-01 -2.063140366297792350e-01
3.191230207064555402e-01 -2.124475590257133839e-01
3.203410475030450399e-01 -1.896892841019405529e-01
3.215590742996345952e-01 -1.566149647040675219e-01
3.227771010962240950e-01 -1.283082932761998585e-01
3.239951278928136502e-01 -1.204304361402783463e-01
3.252131546894031500e-01 -1.505621056031389848e-01
3.264311814859926497e-01 -2.248886043031998183e-01
3.276492082825822050e-01 -3.312089000636734282e-01
3.288672350791717047e-01 -4.499232005717233585e-01
3.300852618757612600e-01 -5.627657599923181486e-01
3.313032886723507597e-01 -6.485366806427190767e-01
3.325213154689403150e-01 -6.842380482984492529e-01
3.337393422655298147e-01 -6.596389430086624373e-01
3.349573690621193700e-01 -5.824677196416843117e-01
3.361753958587088698e-01 -4.656120394317761479e-01
3.373934226552984250e-01 -3.212708462551917554e-01
3.386114494518879248e-01 -1.689465680309112372e-01
3.398294762484774245e-01 -3.378187699679918721e-02
3.410475030450669798e-01 6.862160656428882566e-02
3.422655298416564795e-01 1.368748714545519607e-01
3.434835566382460348e-01 1.723591633925036226e-01
3.447015834348355345e-01 1.756973262501259070e-01
3.459196102314250898e-01 1.564183784422220336e-01
3.471376370280145895e-01 1.314107250257341430e-01
3.483556638246041448e-01 1.109002116536229599e-01
3.495736906211936446e-01 9.668864838496397940e-02
3.507917174177831443e-01 9.291430948443146765e-02
3.520097442143726996e-01 1.059800762916669331e-01
3.532277710109621993e-01 1.325844255533941141e-01
3.544457978075517546e-01 1.606853482878009554e-01
3.556638246041412543e-01 1.833495935748565009e-01
3.568818514007308096e-01 1.989673846311379168e-01
3.580998781973203093e-01 2.009233876267526864e-01
3.593179049939098646e-01 1.807552562948576969e-01
3.605359317904993643e-01 1.398328900421105803e-01
3.617539585870889196e-01 8.739633725385967389e-02
3.629719853836784194e-01 2.843332631643134475e-02
3.641900121802679191e-01 -3.505735490118694342e-02
3.654080389768574744e-01 -9.401298557965043212e-02
3.666260657734469741e-01 -1.382823027744377875e-01
3.678440925700365294e-01 -1.686253587648104124e-01
3.690621193666260291e-01 -1.914377647481043665e-01
3.702801461632155844e-01 -2.069643812013908513e-01
3.714981729598050841e-01 -2.128320400547006608e-01
3.727161997563946394e-01 -2.142964054451095002e-01
3.739342265529841391e-01 -2.185410354397653576e-01
3.751522533495736944e-01 -2.227118043289580129e-01
3.763702801461631942e-01 -2.200689582198247229e-01
3.775883069427526939e-01 -2.113897585518057232e-01
3.788063337393422492e-01 -1.992180433424650676e-01
3.800243605359317489e-01 -1.794306133482978793e-01
3.812423873325213042e-01 -1.488914045529430852e-01
3.824604141291108039e-01 -1.152749998228756456e-01
3.836784409257003592e-01 -8.796670022719826898e-02
3.848964677222898589e-01 -6.547148900743035571e-02
3.861144945188794142e-01 -4.340321236549764261e-02
3.873325213154689139e-01 -2.456942743798086470e-02
3.885505481120584692e-01 -1.080052498748909282e-02
3.897685749086479690e-01 4.920665522882103349e-03
3.909866017052374687e-01 2.961516796322256895e-02
3.922046285018270240e-01 6.134208323123236523e-02
3.934226552984165237e-01 9.751576647965413958e-02
3.946406820950060790e-01 1.423808096868580952e-01
3.958587088915955787e-01 1.956344765626012450e-01
3.970767356881851340e-01 2.457918433807117498e-01
3.982947624847746337e-01 2.833145253823143861e-01
3.995127892813641890e-01 3.092935245806021083e-01
4.007308160779536887e-01 3.258917674877154780e-01
4.019488428745432440e-01 3.295555928462362560e-01
4.031668696711327438e-01 3.215146082256273852e-01
4.043848964677222435e-01 3.134168533973222814e-01
4.056029232643117988e-01 3.136892923480733564e-01
4.068209500609012985e-01 3.207396285353507071e-01
4.080389768574908538e-01 3.340104887478750340e-01
4.092570036540803535e-01 3.575116085081313511e-01
4.104750304506699088e-01 3.884665274908137844e-01
4.116930572472594085e-01 4.145499928768687226e-01
4.129110840438489638e-01 4.281309448052275646e-01
4.141291108404384635e-01 4.314651646108473293e-01
4.153471376370280188e-01 4.240716032092599619e-01
4.165651644336175186e-01 4.003672877083385151e-01
4.177831912302070183e-01 3.625253586237129344e-01
4.190012180267965736e-01 3.208865883346317394e-01
4.202192448233860733e-01 2.799415156447859210e-01
4.214372716199756286e-01 2.353886704832037768e-01
4.226552984165651283e-01 1.868664589393498054e-01
4.238733252131546836e-01 1.404972852068625266e-01
4.250913520097441833e-01 9.645301558568401823e-02
4.263093788063337386e-01 4.988947799373490144e-02
4.275274056029232383e-01 4.724848292280724171e-03
4.287454323995127936e-01 -2.811617921191990332e-02
4.299634591961022934e-01 -4.535541702606643577e-02
4.311814859926917931e-01 -5.227639718515667694e-02
4.323995127892813484e-01 -5.028301534316659271e-02
4.336175395858708481e-01 -3.779143031055760132e-02
4.348355663824604034e-01 -2.309455056148113777e-02
4.360535931790499031e-01 -1.985713944134452624e-02
4.372716199756394584e-01 -3.145050154499816342e-02
4.384896467722289581e-01 -5.332918437804259892e-02
4.397076735688185134e-01 -8.557593750597129734e-02
4.409257003654080131e-01 -1.296652203823540350e-01
4.421437271619975129e-01 -1.765250312253009712e-01
4.433617539585870682e-01 -2.126417497879725393e-01
4.445797807551765679e-01 -2.356711047437643758e-01
4.457978075517661232e-01 -2.503106645801597141e-01
4.470158343483556229e-01 -2.558505723456064307e-01
4.482338611449451782e-01 -2.516262961053301050e-01
4.494518879415346779e-01 -2.476944154167717016e-01
4.506699147381242332e-01 -2.566104691027212836e-01
4.518879415347137329e-01 -2.793550300582834933e-01
4.531059683313032882e-01 -3.107501084680417969e-01
4.543239951278927879e-01 -3.510477747810773486e-01
4.555420219244822877e-01 -3.983304477603838989e-01
4.567600487210718430e-01 -4.385440682979599991e-01
4.579780755176613427e-01 -4.565814040165206422e-01
4.591961023142508980e-01 -4.498815562371176746e-01
4.604141291108403977e-01 -4.224552611044120609e-01
4.616321559074299530e-01 -3.757398605221871080e-01
4.628501827040194527e-01 -3.169107794838474379e-01
4.640682095006090080e-01 -2.658858891992929574e-01
4.652862362971985077e-01 -2.408627820600441061e-01
4.665042630937880630e-01 -2.449564031529613828e-01
4.677222898903775627e-01 -2.743161619819092789e-01
4.689403166869670625e-01 -3.265037558379688121e-01
4.701583434835566178e-01 -3.919530637681458707e-01
4.713763702801461175e-01 -4.493605869415792098e-01
4.725943970767356728e-01 -4.817088809489933898e-01
4.738124238733251725e-01 -4.881310795166369787e-01
4.750304506699147278e-01 -4.732148082352988228e-01
4.762484774665042275e-01 -4.382600360078618418e-01
4.774665042630937828e-01 -3.898530676070067758e-01
4.786845310596832825e-01 -3.426424301826041519e-01
4.799025578562728378e-01 -3.045045144627502864e-01
4.811205846528623375e-01 -2.693270529347837616e-01
4.823386114494518373e-01 -2.305340419909732153e-01
4.835566382460413926e-01 -1.883983249036125240e-01
4.847746650426308923e-01 -1.393701337310047916e-01
4.859926918392204476e-01 -7.447024290493294008e-02
4.872107186358099473e-01 5.431862451513535736e-03
4.884287454323995026e-01 8.640983170411695169e-02
4.896467722289890023e-01 1.581722934487883037e-01
4.908647990255785576e-01 2.212239727644249032e-01
4.920828258221680573e-01 2.750331480667542738e-01
4.933008526187576126e-01 3.150621167488728558e-01
4.945188794153471123e-01 3.452199495470062440e-01
4.957369062119366121e-01 3.779707225613757604e-01
4.969549330085261674e-01 4.185721832744946358e-01
4.981729598051156671e-01 4.619262409270144532e-01
4.993909866017052224e-01 5.061387091333625632e-01
5.006090133982947776e-01 5.541870235521937360e-01
5.018270401948842219e-01 6.007633216244601115e-01
5.030450669914737771e-01 6.334383129190724881e-01
5.042630937880633324e-01 6.477133954716586262e-01
5.054811205846528877e-01 6.470663561436889033e-01
5.066991473812423319e-01 6.300007327233729804e-01
5.079171741778318871e-01 5.914046819909867247e-01
5.091352009744214424e-01 5.357832901638053258e-01
5.103532277710108866e-01 4.737837047675579893e-01
5.115712545676004419e-01 4.068374885108203554e-01
5.127892813641899972e-01 3.308057806155741964e-01
5.140073081607795524e-01 2.506907066387781269e-01
5.152253349573689967e-01 1.763569066945672448e-01
5.164433617539585519e-01 1.077602883019244118e-01
5.176613885505481072e-01 3.782803281305449628e-02
5.188794153471376625e-01 -3.377297758456316440e-02
5.200974421437271067e-01 -1.036947864198550229e-01
5.213154689403166619e-01 -1.762102310452003939e-01
5.225334957369062172e-01 -2.555897681318197723e-01
5.237515225334956614e-01 -3.326905683389952961e-01
5.249695493300852167e-01 -3.922548918531417739e-01
5.261875761266747720e-01 -4.270814727429173563e-01
5.274056029232643272e-01 -4.343417431714460819e-01
5.286236297198537715e-01 -4.058871979759342552e-01
5.298416565164433267e-01 -3.374795665722896132e-01
5.310596833130328820e-01 -2.417983894907438924e-01
5.322777101096224373e-01 -1.379426863958693183e-01
5.334957369062118815e-01 -3.628481903109173623e-02
5.347137637028014368e-01 5.627121319053569881e-02
5.359317904993909920e-01 1.280174627657636455e-01
5.371498172959804362e-01 1.733405567173186279e-01
5.383678440925699915e-01 2.032890558710816475e-01
5.395858708891595468e-01 2.322832034601994000e-01
5.408038976857491020e-01 2.664619317641067076e-01
5.420219244823385463e-01 3.076820186044159078e-01
5.432399512789281015e-01 3.625182078631148941e-01
5.444579780755176568e-01 4.295465844777185960e-01
5.456760048721072121e-01 4.936882016733812328e-01
5.468940316686966563e-01 5.412572891972987632e-01
5.481120584652862116e-01 5.680561233734275906e-01
5.493300852618757668e-01 5.739542331298304045e-01
5.505481120584652110e-01 5.542840742899202144e-01
5.517661388550547663e-01 5.110398666652651301e-01
5.529841656516443216e-01 4.578700110243221766e-01
5.542021924482338768e-01 4.050186751551890785e-01
5.554202192448233211e-01 3.509936693077255199e-01
5.566382460414128763e-01 2.935733199598265508e-01
5.578562728380024316e-01 2.368969269730784866e-01
5.590742996345918758e-01 1.801699720396798821e-01
5.602923264311814311e-01 1.137382183241642253e-01
5.615103532277709864e-01 3.480669917763449389e-02
5.627283800243605416e-01 -4.764292219238504961e-02
5.639464068209499858e-01 -1.271678273663090775e-01
5.651644336175395411e-01 -2.046217982657222711e-01
5.663824604141290964e-01 -2.767396889384510783e-01
5.676004872107186516e-01 -3.338466967249363870e-01
5.688185140073080959e-01 -3.749823328158809477e-01
5.700365408038976511e-01 -4.112626903025168867e-01
5.712545676004872064e-01 -4.492496024359589613e-01
5.724725943970766506e-01 -4.864748749867207067e-01
5.736906211936662059e-01 -5.235671394827232650e-01
5.749086479902557612e-01 -5.644817994312759657e-01
5.761266747868453164e-01 -6.038170508809284076e-01
5.773447015834347606e-01 -6.273224228941526315e-01
5.785627283800243159e-01 -6.288241713860329707e-01
5.797807551766138712e-01 -6.129008860971446593e-01
5.809987819732034264e-01 -5.803941539466380695e-01
5.822168087697928707e-01 -5.293952776310003605e-01
5.834348355663824259e-01 -4.688235415125463490e-01
5.846528623629719812e-01 -4.148971228711373915e-01
5.858708891595614254e-01 -3.749527364445960909e-01
5.870889159561509807e-01 -3.461413341750663175e-01
5.883069427527405360e-01 -3.287027613524661773e-01
5.895249695493300912e-01 -3.246937607071252452e-01
5.907429963459195355e-01 -3.250548460939016171e-01
5.919610231425090907e-01 -3.160983902824990310e-01
5.931790499390986460e-01 -2.954094895598972648e-01
5.943970767356882012e-01 -2.683533934991753633e-01
5.956151035322776455e-01 -2.350334825508456071e-01
5.968331303288672007e-01 -1.932937240444980997e-01
5.980511571254567560e-01 -1.510501911364584837e-01
5.992691839220462002e-01 -1.196572545223931056e-01
6.004872107186357555e-01 -9.772649724734171206e-02
6.017052375152253108e-01 -7.659241490562392063e-02
6.029232643118148660e-01 -5.402611129018144304e-02
6.041412911084043103e-01 -3.015090662173730909e-02
6.053593179049938655e-01 2.456063737351792554e-03
6.065773447015834208e-01 4.986225783625718860e-02
6.077953714981729760e-01 1.065388951669093004e-01
6.090133982947624203e-01 1.607888604049646231e-01
6.102314250913519755e-01 2.093172878873587328e-01
6.114494518879415308e-01 2.504039982268931874e-01
6.126674786845309750e-01 2.736397932393273003e-01
6.138855054811205303e-01 2.709185989181483456e-01
6.151035322777100856e-01 2.477821633149813185e-01
6.163215590742996408e-01 2.143353711872221512e-01
6.175395858708890851e-01 1.725799520790967101e-01
6.187576126674786403e-01 1.244100622306199555e-01
6.199756394640681956e-01 8.142287257112040821e-02
6.211936662606577508e-01 5.279934616561837019e-02
6.224116930572471951e-01 3.556945146386689821e-02
6.236297198538367503e-01 2.567463561686692680e-02
6.248477466504263056e-01 2.654789163917116793e-02
6.260657734470157498e-01 3.908428149950383262e-02
6.272838002436053051e-01 5.338279097157671432e-02
6.285018270401948604e-01 6.083849210477856873e-02
6.297198538367844156e-01 6.341368728222995799e-02
6.309378806333738599e-01 6.128600782339369696e-02
6.321559074299634151e-01 4.632650945189515507e-02
6.333739342265529704e-01 1.527816514414591896e-02
6.345919610231425256e-01 -2.319171893634060580e-02
6.358099878197319699e-01 -6.015548981830561026e-02
6.370280146163215251e-01 -9.436206610316820453e-02
6.382460414129110804e-01 -1.210253778378638789e-01
6.394640682095005246e-01 -1.266067427602129147e-01
6.406820950060900799e-01 -1.044434673888863796e-01
6.419001218026796352e-01 -6.104747183525811166e-02
6.431181485992691904e-01 -3.379903263877518434e-03
6.443361753958586347e-01 6.550479110618918910e-02
6.455542021924481899e-01 1.361286677597708106e-01
6.467722289890377452e-01 1.910940432217137219e-01
6.479902557856273004e-01 2.205863430184805685e-01
6.492082825822167447e-01 2.289210632295864412e-01
6.504263093788062999e-01 2.201560463064915762e-01
6.516443361753958552e-01 1.962881118141134029e-01
6.528623629719852994e-01 1.699365934339432116e-01
6.540803897685748547e-01 1.618599223401705200e-01
6.552984165651644100e-01 1.835262257103191796e-01
6.565164433617539652e-01 2.319443940724715547e-01
6.577344701583434095e-01 3.028584909712735973e-01
6.589524969549329647e-01 3.930030977526665636e-01
6.601705237515225200e-01 4.875924221378811763e-01
6.613885505481120752e-01 5.644067130739357507e-01
6.626065773447015195e-01 6.116777694673503074e-01
6.638246041412910747e-01 6.301510739800453287e-01
6.650426309378806300e-01 6.217129953577623658e-01
6.662606577344700742e-01 5.899669367814061038e-01
6.674786845310596295e-01 5.510333207979909442e-01
6.686967113276491848e-01 5.262933497126202065e-01
6.699147381242387400e-01 5.225765190518421033e-01
6.711327649208281843e-01 5.330068530820454287e-01
6.723507917174177395e-01 5.512365705675807970e-01
6.735688185140072948e-01 5.698951367335459706e-01
6.747868453105968500e-01 5.715133761502514398e-01
6.760048721071862943e-01 5.371464590347239110e-01
6.772228989037758495e-01 4.644874356723012188e-01
6.784409257003654048e-01 3.645727695110044797e-01
6.796589524969548490e-01 2.456822401345654105e-01
6.808769792935444043e-01 1.158207858614350855e-01
6.820950060901339596e-01 -8.596743337294330059e-03
6.833130328867235148e-01 -1.120954317021184560e-01
6.845310596833129591e-01 -1.941088966720825593e-01
6.857490864799025143e-01 -2.624325870114234127e-01
6.869671132764920696e-01 -3.183673208969204360e-01
6.881851400730816248e-01 -3.611751969448328548e-01
6.894031668696710691e-01 -3.985099365599011900e-01
6.906211936662606243e-01 -4.369729954840825270e-01
6.918392204628501796e-01 -4.710999958776706520e-01
6.930572472594396238e-01 -4.934588673950393023e-01
6.942752740560291791e-01 -5.071605922420421297e-01
6.954933008526187344e-01 -5.182654632582821552e-01
6.967113276492082896e-01 -5.241393117590250617e-01
6.979293544457977339e-01 -5.221033069676800364e-01
6.991473812423872891e-01 -5.196644256443133658e-01
7.003654080389768444e-01 -5.219890196642847924e-01
7.015834348355662886e-01 -5.207996476098564198e-01
7.028014616321558439e-01 -5.062156547113938476e-01
7.040194884287453991e-01 -4.787423455379546389e-01
7.052375152253349544e-01 -4.407097634895852378e-01
7.064555420219243986e-01 -3.875475571247634643e-01
7.076735688185139539e-01 -3.191772397056696908e-01
7.088915956151035092e-01 -2.468612254767862391e-01
7.101096224116930644e-01 -1.798539518037697016e-01
7.113276492082825087e-01 -1.160980769680927949e-01
7.125456760048720639e-01 -5.444165119806299719e-02
7.137637028014616192e-01 -1.983279300595101446e-03
7.149817295980510634e-01 3.792037960237037292e-02
7.161997563946406187e-01 7.174543138378436380e-02
7.174177831912301739e-01 1.010408595045215324e-01
7.186358099878197292e-01 1.150056383080644284e-01
7.198538367844091734e-01 1.052678232941309244e-01
7.210718635809987287e-01 7.381541376149691747e-02
7.222898903775882840e-01 2.162577184028694269e-02
7.235079171741778392e-01 -5.569001771423849612e-02
7.247259439707672835e-01 -1.552863342577761874e-01
7.259439707673568387e-01 -2.632106023363685599e-01
7.271619975639463940e-01 -3.687269046872386213e-01
7.283800243605358382e-01 -4.701347071246412823e-01
7.295980511571253935e-01 -5.617663853801501128e-01
7.308160779537149487e-01 -6.328945614902483641e-01
7.320341047503045040e-01 -6.815524401391021003e-01
7.332521315468939482e-01 -7.154156210516068315e-01
7.344701583434835035e-01 -7.363746953477541268e-01
7.356881851400730588e-01 -7.381354116354138517e-01
7.369062119366626140e-01 -7.212444894898434322e-01
7.381242387332520583e-01 -6.946491579148058593e-01
7.393422655298416135e-01 -6.599116504847308828e-01
7.405602923264311688e-01 -6.098981726999335162e-01
7.417783191230206130e-01 -5.439167987301788409e-01
7.429963459196101683e-01 -4.685321118897846082e-01
7.442143727161997235e-01 -3.837267356454853173e-01
7.454323995127892788e-01 -2.831260399746160505e-01
7.466504263093787230e-01 -1.679446310381584873e-01
7.478684531059682783e-01 -4.593503120754644647e-02
7.490864799025578336e-01 8.201164109931778634e-02
7.503045066991473888e-01 2.180060658291554931e-01
7.515225334957368331e-01 3.530749808535844636e-01
7.527405602923263883e-01 4.717579896292141695e-01
7.539585870889159436e-01 5.697143153925470216e-01
7.551766138855053878e-01 6.498437159355611170e-01
7.563946406820949431e-01 7.084499165243361984e-01
7.576126674786844983e-01 7.395608458470488422e-01
7.588306942752740536e-01 7.480887607154803609e-01
7.600487210718634978e-01 7.425865326671556854e-01
7.612667478684530531e-01 7.231171259610151836e-01
7.624847746650426084e-01 6.859528664801746167e-01
7.637028014616321636e-01 6.364653946562434106e-01
7.649208282582216079e-01 5.821495172900754689e-01
7.661388550548111631e-01 5.198767348417528966e-01
7.673568818514007184e-01 4.441648773759771518e-01
7.685749086479901626e-01 3.596731034457936182e-01
7.697929354445797179e-01 2.777800164338947719e-01
7.710109622411692731e-01 2.008771587678629678e-01
7.722289890377588284e-01 1.286240691632469513e-01
7.734470158343482726e-01 7.019292221352105288e-02
7.746650426309378279e-01 3.172160751781466503e-02
7.758830694275273832e-01 6.035856510515589038e-03
7.771010962241169384e-01 -1.690428822228775413e-02
7.783191230207063827e-01 -3.894554360135416698e-02
7.795371498172959379e-01 -6.125457843515961370e-02
7.807551766138854932e-01 -9.269516997717959506e-02
7.819732034104749374e-01 -1.385058956561369958e-01
7.831912302070644927e-01 -1.889806249784101166e-01
7.844092570036540479e-01 -2.327452243988472058e-01
7.856272838002436032e-01 -2.672959220152845705e-01
7.868453105968330474e-01 -2.874077875934574755e-01
7.880633373934226027e-01 -2.787882717362965002e-01
7.892813641900121580e-01 -2.319214262819341565e-01
7.904993909866017132e-01 -1.526204788449911642e-01
7.917174177831911575e-01 -4.902463710974060140e-02
7.929354445797807127e-01 7.808246391553874677e-02
7.941534713763702680e-01 2.262114555271884375e-01
7.953714981729597122e-01 3.816332214902375397e-01
7.965895249695492675e-01 5.324628058813584142e-01
7.978075517661388227e-01 6.762234847084678258e-01
7.990255785627283780e-01 8.046509467848914632e-01
8.002436053593178222e-01 9.021921236817350698e-01
8.014616321559073775e-01 9.582180919307179412e-01
8.026796589524969328e-01 9.766751506023891860e-01
8.038976857490864880e-01 9.618497448639377057e-01
8.051157125456759323e-01 9.155764398157231199e-01
8.063337393422654875e-01 8.495107513573799674e-01
8.075517661388550428e-01 7.850927042896362895e-01
8.087697929354444870e-01 7.367645296831005775e-01
8.099878197320340423e-01 7.024570938567819001e-01
8.112058465286235975e-01 6.785796512352835208e-01
8.124238733252131528e-01 6.625917295292618192e-01
8.136419001218025970e-01 6.392229583279290805e-01
8.148599269183921523e-01 5.836637350807066804e-01
8.160779537149817076e-01 4.833748563474792870e-01
8.172959805115712628e-01 3.424852154760195111e-01
8.185140073081607071e-01 1.700907068437802205e-01
8.197320341047502623e-01 -2.406409491432847866e-02
8.209500609013398176e-01 -2.178136103394867629e-01
8.221680876979292618e-01 -3.848133145804026323e-01
8.233861144945188171e-01 -5.141494744154702090e-01
8.246041412911083723e-01 -6.112985315822943022e-01
8.258221680876979276e-01 -6.814833468258919558e-01
8.270401948842873718e-01 -7.280602139462393207e-01
8.282582216808769271e-01 -7.621702202664235593e-01
8.294762484774664824e-01 -7.952005532866287529e-01
8.306942752740560376e-01 -8.209898309070768896e-01
8.319123020706454819e-01 -8.208424227967245912e-01
8.331303288672350371e-01 -7.814944817117646103e-01
8.343483556638245924e-01 -6.980935698069430373e-01
8.355663824604140366e-01 -5.641602862787914452e-01
8.367844092570035919e-01 -3.808741279626595699e-01
8.380024360535931471e-01 -1.698907805202292953e-01
8.392204628501827024e-01 3.325009840541059969e-02
8.404384896467721466e-01 1.996858022667687693e-01
8.416565164433617019e-01 3.088190421347583592e-01
8.428745432399512572e-01 3.408356331696019703e-01
8.440925700365408124e-01 2.867474930258184784e-01
8.453105968331302567e-01 1.606560236418387022e-01
8.465286236297198119e-01 -1.018328334041162207e-02
8.477466504263093672e-01 -2.026216044246496595e-01
8.489646772228988114e-01 -3.972191420968698150e-01
8.501827040194883667e-01 -5.708853579431484304e-01
8.514007308160779219e-01 -7.077873170199726616e-01
8.526187576126674772e-01 -8.113125541873696944e-01
8.538367844092569214e-01 -8.916021321118022813e-01
8.550548112058464767e-01 -9.500958431549679784e-01
8.562728380024360320e-01 -9.852298327233526276e-01
8.574908647990255872e-01 -1.000000000000000000e+00
8.587088915956150315e-01 -9.914116240054612339e-01
8.599269183922045867e-01 -9.415673240025458357e-01
8.611449451887941420e-01 -8.321354573234823748e-01
8.623629719853835862e-01 -6.600024830381109320e-01
8.635809987819731415e-01 -4.313727112885641923e-01
8.647990255785626967e-01 -1.564237307453652248e-01
8.660170523751522520e-01 1.394431259551897340e-01
8.672350791717416962e-01 4.119583663877389168e-01
8.684531059683312515e-01 6.168055750229193279e-01
8.696711327649208068e-01 7.256277680183562673e-01
8.708891595615102510e-01 7.200906831980022904e-01
8.721071863580998063e-01 5.893844718296158414e-01
8.733252131546893615e-01 3.463330198139171201e-01
8.745432399512789168e-01 3.249924453952488662e-02
8.757612667478683610e-01 -3.008637062731699396e-01
8.769792935444579163e-01 -6.074286227126028948e-01
8.781973203410474715e-01 -8.426724566768227787e-01
8.794153471376370268e-01 -9.657853902357832476e-01
8.806333739342264710e-01 -9.578836802079746526e-01
8.818514007308160263e-01 -8.289318927604923948e-01
8.830694275274055816e-01 -6.024118683473358438e-01
8.842874543239950258e-01 -3.078995368632884144e-01
8.855054811205845811e-01 1.037783395496543262e-02
8.867235079171741363e-01 2.964270256206091858e-01
8.879415347137636916e-01 5.018566927124071819e-01
8.891595615103531358e-01 5.947929498953221650e-01
8.903775883069426911e-01 5.523225872596150277e-01
8.915956151035322463e-01 3.652247623417464450e-01
8.928136419001218016e-01 5.887679938528218165e-02
8.940316686967112458e-01 -3.009230282567178505e-01
8.952496954933008011e-01 -6.217769651796827279e-01
8.964677222898903564e-01 -7.980763325028448207e-01
8.976857490864798006e-01 -7.304740163196628000e-01
8.989037758830693559e-01 -3.756709275249260904e-01
9.001218026796589111e-01 1.865395417427331837e-01
9.013398294762484664e-01 7.302335385964215941e-01
9.025578562728379106e-01 9.575832649297543187e-01
9.037758830694274659e-01 6.747508937974530108e-01
9.049939098660170211e-01 -6.846849995098725980e-03
9.062119366626065764e-01 -6.416434839829091574e-01
9.074299634591960206e-01 -7.563235418884951544e-01
9.086479902557855759e-01 -2.920587811185412774e-01
9.098660170523751312e-01 3.128533415487481095e-01
9.110840438489645754e-01 5.623849092560426755e-01
9.123020706455541307e-01 3.837452878057746597e-01
9.135200974421436859e-01 1.175373437474936389e-01
9.147381242387332412e-01 9.383808276781087365e-02
9.159561510353226854e-01 3.098982575448996357e-01
9.171741778319122407e-01 5.134230574025524518e-01
9.183922046285017959e-01 5.097201460098094161e-01
9.196102314250913512e-01 3.338655161994712461e-01
9.208282582216807954e-01 1.591376399239279038e-01
9.220462850182703507e-01 1.014236295421285794e-01
9.232643118148599060e-01 1.331381858471897273e-01
9.244823386114493502e-01 1.578956155076265411e-01
9.257003654080389055e-01 1.278926349320283762e-01
9.269183922046284607e-01 7.635481970931243256e-02
9.281364190012180160e-01 5.782656275319930650e-02
9.293544457978074602e-01 8.467841463032806104e-02
9.305724725943970155e-01 1.261069171756606377e-01
9.317904993909865707e-01 1.493363776560042155e-01
9.330085261875761260e-01 1.472925051612464786e-01
9.342265529841655702e-01 1.335493946109459484e-01
9.354445797807551255e-01 1.228020403151670048e-01
9.366626065773446808e-01 1.180685975181968439e-01
9.378806333739341250e-01 1.120290981228761057e-01
9.390986601705236803e-01 9.790462517304245049e-02
9.403166869671132355e-01 7.843077993320227148e-02
9.415347137637027908e-01 6.271916323721556108e-02
9.427527405602922350e-01 5.557600248177634039e-02
9.439707673568817903e-01 5.374752963802573169e-02
9.451887941534713455e-01 5.187519638610945533e-02
9.464068209500609008e-01 4.794005937006711598e-02
9.476248477466503450e-01 4.240525983281939748e-02
9.488428745432399003e-01 3.567256042422758261e-02
9.500609013398294556e-01 2.817274535169366281e-02
9.512789281364188998e-01 2.075969499080360103e-02
9.524969549330084551e-01 1.394017125096809993e-02
9.537149817295980103e-01 8.094253638208970952e-03
9.549330085261875656e-01 4.355114429279956408e-03
9.561510353227770098e-01 3.880519052268307546e-03
9.573690621193665651e-01 6.247878201829678950e-03
9.585870889159561203e-01 9.633486035437628658e-03
9.598051157125456756e-01 1.253786136142196611e-02
9.610231425091351198e-01 1.437282301254429011e-02
9.622411693057246751e-01 1.475154387088949831e-02
9.634591961023142304e-01 1.338713383399976579e-02
9.646772228989036746e-01 1.059549837284918909e-02
9.658952496954932299e-01 7.168002438214690804e-03
9.671132764920827851e-01 3.767206518372093887e-03
9.683313032886723404e-01 8.099024782093619057e-04
9.695493300852617846e-01 -1.300063967289455738e-03
9.707673568818513399e-01 -2.327513211045690276e-03
9.719853836784408951e-01 -2.459354899703600651e-03
9.732034104750304504e-01 -2.100321649492579990e-03
9.744214372716198946e-01 -1.547581390290756441e-03
9.756394640682094499e-01 -9.777074134383267282e-04
9.768574908647990052e-01 -5.524457059132099803e-04
9.780755176613884494e-01 -3.615086297959838328e-04
9.792935444579780047e-01 -3.492641697785392723e-04
9.805115712545675599e-01 -4.038990685481651265e-04
9.817295980511571152e-01 -4.584496348080035685e-04
9.829476248477465594e-01 -4.810053085106009161e-04
9.841656516443361147e-01 -4.497784421494680418e-04
9.853836784409256699e-01 -3.696020644796320451e-04
9.866017052375152252e-01 -2.728154558836345359e-04
9.878197320341046694e-01 -1.872121638394789534e-04
9.890377588306942247e-01 -1.206033881530244490e-04
9.902557856272837800e-01 -7.252623951871236218e-05
9.914738124238732242e-01 -4.148085462717258828e-05
9.926918392204627795e-01 -2.306577197695609805e-05
9.939098660170523347e-01 -1.199933305857893082e-05
9.951278928136418900e-01 -5.289623625492939904e-06
9.963459196102313342e-01 -1.718693941273446689e-06
9.975639464068208895e-01 -2.812578683661978738e-07
9.987819732034104447e-01 2.133609419900193068e-08
1.000000000000000000e+00 0.000000000000000000e+00
