0.000000000000000000e+00 0.000000000000000000e+00
4.672897196261681894e-03 6.293342764756831159e-04
9.345794392523363789e-03 3.425188532028639477e-03
1.401869158878504482e-02 9.422876871454407069e-03
1.869158878504672758e-02 1.908526596735251463e-02
2.336448598130841034e-02 3.218725272851209046e-02
2.803738317757008963e-02 4.778039345582087843e-02
3.271028037383177239e-02 6.424420295088244248e-02
3.738317757009345516e-02 7.942302133328686675e-02
4.205607476635513792e-02 9.083573687814443243e-02
4.672897196261682068e-02 9.594097935437070901e-02
5.140186915887850344e-02 9.242659544818553063e-02
5.607476635514017926e-02 7.850342557173883851e-02
6.074766355140186203e-02 5.316099895475454723e-02
6.542056074766354479e-02 1.636262329914733860e-02
7.009345794392522755e-02 -3.084695530865463192e-02
7.476635514018691031e-02 -8.633082271988583301e-02
7.943925233644859307e-02 -1.469655661547307479e-01
8.411214953271027583e-02 -2.088411158055378247e-01
8.878504672897195860e-02 -2.675629973871600509e-01
9.345794392523364136e-02 -3.186046638047347890e-01
9.813084112149532412e-02 -3.576979797645773451e-01
1.028037383177570069e-01 -3.812194563500134747e-01
1.074766355140186896e-01 -3.865444693970703782e-01
1.121495327102803585e-01 -3.723050024494595767e-01
1.168224299065420413e-01 -3.385626514306463997e-01
1.214953271028037241e-01 -2.868422524279082841e-01
1.261682242990654068e-01 -2.201000769983366689e-01
1.308411214953270896e-01 -1.430382855340266990e-01
1.355140186915887723e-01 -5.944428229514689410e-02
1.401869158878504551e-01 2.713426939925859052e-02
1.448598130841121379e-01 1.129634092627525566e-01
1.495327102803738206e-01 1.942958713316670361e-01
1.542056074766355034e-01 2.675293379104965452e-01
1.588785046728971861e-01 3.293741017703667451e-01
1.635514018691588689e-01 3.769925258340196539e-01
1.682242990654205517e-01 4.081407235740628914e-01
1.728971962616822344e-01 4.212673653254823680e-01
1.775700934579439172e-01 4.156171410950117440e-01
1.822429906542056000e-01 3.912643269788388944e-01
1.869158878504672827e-01 3.491236511746922955e-01
1.915887850467289655e-01 2.909290639235634912e-01
1.962616822429906482e-01 2.191760573753559205e-01
2.009345794392523310e-01 1.370126631968659192e-01
2.056074766355140138e-01 4.811377296325665409e-02
2.102803738317756965e-01 -4.348701512247685197e-02
2.149532710280373793e-01 -1.335616638204532580e-01
2.196261682242990620e-01 -2.178904088549424856e-01
2.242990654205607171e-01 -2.924626441817252398e-01
2.289719626168223998e-01 -3.536731504910472501e-01
2.336448598130840826e-01 -3.984840565921078936e-01
2.383177570093457653e-01 -4.245939573137659795e-01
2.429906542056074481e-01 -4.305559969606270743e-01
2.476635514018691309e-01 -4.158760225920117848e-01
2.523364485981308136e-01 -3.810423522690807308e-01
2.570093457943924964e-01 -3.275256847433673513e-01
2.616822429906541791e-01 -2.577272000823366271e-01
2.663551401869158619e-01 -1.748945564873582437e-01
2.710280373831775447e-01 -8.295775460758028630e-02
2.757009345794392274e-01 1.363894332930933560e-02
2.803738317757009102e-01 1.101497907643273766e-01
2.850467289719625930e-01 2.017453547888894694e-01
2.897196261682242757e-01 2.837661080555545223e-01
2.943925233644859585e-01 3.519581621613985245e-01
2.990654205607476412e-01 4.027073267951387092e-01
3.037383177570093240e-01 4.332127058035684652e-01
3.084112149532710068e-01 4.416676043399516693e-01
3.130841121495326895e-01 4.273721065557903320e-01
3.177570093457943723e-01 3.907998445017342171e-01
3.224299065420560551e-01 3.335843190911823020e-01
3.271028037383177378e-01 2.584748276858137017e-01
3.317757009345794206e-01 1.692093085666293018e-01
3.364485981308411033e-01 7.035716305040382035e-02
3.411214953271027861e-01 -3.293029498513245362e-02
3.457943925233644689e-01 -1.351716941749509238e-01
3.504672897196261516e-01 -2.308400910055466992e-01
3.551401869158878344e-01 -3.146475027948141823e-01
3.598130841121495171e-01 -3.818638438753955144e-01
3.644859813084111999e-01 -4.285762782355549971e-01
3.691588785046728827e-01 -4.519377496811223804e-01
3.738317757009345654e-01 -4.503295260913484088e-01
3.785046728971962482e-01 -4.235004770383846151e-01
3.831775700934579310e-01 -3.726157162207194840e-01
3.878504672897196137e-01 -3.002349352517297842e-01
3.925233644859812965e-01 -2.101773383122410022e-01
3.971962616822429792e-01 -1.073653927212589176e-01
4.018691588785046620e-01 2.440006010607600508e-03
4.065420560747663448e-01 1.129400261495598912e-01
4.112149532710280275e-01 2.176751583742536633e-01
4.158878504672897103e-01 3.103901355122627992e-01
4.205607476635513930e-01 3.854136509018259993e-01
4.252336448598130758e-01 4.379872926087953755e-01
4.299065420560747586e-01 4.646161016420626289e-01
4.345794392523364413e-01 4.633002782589182855e-01
4.392523364485981241e-01 4.337050399281532909e-01
4.439252336448598069e-01 3.772106259204305867e-01
4.485981308411214341e-01 2.969004753839676325e-01
4.532710280373831169e-01 1.974061633732114296e-01
4.579439252336447996e-01 8.468210441405805977e-02
4.626168224299064824e-01 -3.436919260612485844e-02
4.672897196261681652e-01 -1.522740615596457625e-01
4.719626168224298479e-01 -2.614470234015678907e-01
4.766355140186915307e-01 -3.546686428726816276e-01
4.813084112149532134e-01 -4.256042379911875728e-01
4.859813084112148962e-01 -4.692179734276182845e-01
4.906542056074765790e-01 -4.821593637946146593e-01
4.953271028037382617e-01 -4.630076891651642157e-01
4.999999999999999445e-01 -4.124744602509403668e-01
5.046728971962616273e-01 -3.334225530342085353e-01
5.093457943925233655e-01 -2.307463271023850460e-01
5.140186915887849928e-01 -1.110716886535354081e-01
5.186915887850467310e-01 1.758811181513863023e-02
5.233644859813083583e-01 1.463653498819646459e-01
5.280373831775700966e-01 2.661236695719119694e-01
5.327102803738317238e-01 3.681419688118073297e-01
5.373831775700934621e-01 4.447189740495736121e-01
5.420560747663550893e-01 4.897648895308747141e-01
5.467289719626168276e-01 4.992916600308376918e-01
5.514018691588784549e-01 4.718692811970781054e-01
5.560747663551401931e-01 4.087899927919182441e-01
5.607476635514018204e-01 3.140707480763336168e-01
5.654205607476635587e-01 1.942323431139770795e-01
5.700934579439251859e-01 5.796740138130757752e-02
5.747663551401869242e-01 -8.446784578526997378e-02
5.794392523364485514e-01 -2.219891210906789758e-01
5.841121495327102897e-01 -3.435826766593920722e-01
5.887850467289719170e-01 -4.390981506058943551e-01
5.934579439252336552e-01 -5.001224601819701521e-01
5.981308411214952825e-01 -5.207752145829120938e-01
6.028037383177569097e-01 -4.983871690063264026e-01
6.074766355140186480e-01 -4.337763905841387491e-01
6.121495327102802753e-01 -3.313450558067125296e-01
6.168224299065420135e-01 -1.988769483823978890e-01
6.214953271028036408e-01 -4.715360094739480534e-02
6.261682242990653791e-01 1.109136358224412783e-01
6.308411214953270063e-01 2.613614567180954085e-01
6.355140186915887446e-01 3.904027784816041513e-01
6.401869158878503718e-01 4.855562606981144169e-01
6.448598130841121101e-01 5.369613778772109880e-01
6.495327102803737374e-01 5.384970974232244911e-01
6.542056074766354756e-01 4.886190012086343293e-01
6.588785046728971029e-01 3.905908221958389048e-01
6.635514018691588412e-01 2.524957864676117270e-01
6.682242990654204684e-01 8.681178412959672519e-02
6.728971962616822067e-01 -9.046362319067856317e-02
6.775700934579438339e-01 -2.614655922170674440e-01
6.822429906542055722e-01 -4.082192630123339661e-01
6.869158878504671994e-01 -5.144516096067421884e-01
6.915887850467289377e-01 -5.672480274654538857e-01
6.962616822429905650e-01 -5.588926818121500162e-01
7.009345794392523032e-01 -4.881376922238905847e-01
7.056074766355139305e-01 -3.607461124202675506e-01
7.102803738317756688e-01 -1.890824415770632483e-01
7.149532710280372960e-01 8.568757539086131400e-03
7.196261682242990343e-01 2.095784792718014267e-01
7.242990654205606615e-01 3.894002262907375611e-01
7.289719626168223998e-01 5.248836185403558119e-01
7.336448598130840271e-01 5.971237023103974639e-01
7.383177570093457653e-01 5.938153821498020069e-01
7.429906542056073926e-01 5.111409258313828197e-01
7.476635514018691309e-01 3.560196165008506219e-01
7.523364485981307581e-01 1.467141947628206322e-01
7.570093457943924964e-01 -8.964431576177023242e-02
7.616822429906541236e-01 -3.207666752400592514e-01
7.663551401869158619e-01 -5.113347606447841143e-01
7.710280373831774892e-01 -6.286104822875748788e-01
7.757009345794392274e-01 -6.486197131907481817e-01
7.803738317757008547e-01 -5.619410227658484525e-01
7.850467289719625930e-01 -3.758771032096847597e-01
7.897196261682242202e-01 -1.150593772093841255e-01
7.943925233644859585e-01 1.794841602228745836e-01
7.990654205607475857e-01 4.534504081438783252e-01
8.037383177570093240e-01 6.494103591681317234e-01
8.084112149532709513e-01 7.195649926321664447e-01
8.130841121495326895e-01 6.373881317492597898e-01
8.177570093457943168e-01 4.052834995360584669e-01
8.224299065420560551e-01 6.205438875164034224e-02
8.271028037383176823e-01 -3.169363979508629803e-01
8.317757009345794206e-01 -6.336059240825671068e-01
8.364485981308410478e-01 -7.925038427411632558e-01
8.411214953271027861e-01 -7.249074465555603863e-01
8.457943925233644133e-01 -4.176969549767784451e-01
8.504672897196261516e-01 6.171439525851067642e-02
8.551401869158877789e-01 5.633946608097186726e-01
8.598130841121495171e-01 8.839588424433237890e-01
8.644859813084111444e-01 8.301636400917622449e-01
8.691588785046728827e-01 3.330564242957106402e-01
8.738317757009345099e-01 -4.288114836077169811e-01
8.785046728971962482e-01 -1.000000000000000000e+00
8.831775700934578754e-01 -8.485269302575931816e-01
8.878504672897196137e-01 1.005847716143617038e-01
8.925233644859812410e-01 9.790649714710407681e-01
8.971962616822428682e-01 6.370672206042786723e-01
9.018691588785046065e-01 -5.178285019401429601e-01
9.065420560747662337e-01 -6.487444609709247523e-01
9.112149532710279720e-01 2.613676571341795873e-01
9.158878504672895993e-01 3.971022245414475571e-01
9.205607476635513375e-01 -1.656320303611598377e-01
9.252336448598129648e-01 -1.929319468109253199e-01
9.299065420560747031e-01 9.899479256787030446e-02
9.345794392523363303e-01 8.488501897772274263e-02
9.392523364485980686e-01 -5.627658937478804968e-02
9.439252336448596958e-01 -3.341395942956519594e-02
9.485981308411214341e-01 3.098844137612536201e-02
9.532710280373830614e-01 9.648424816816221494e-03
9.579439252336447996e-01 -1.450107280083525949e-02
9.626168224299064269e-01 -1.402730856169876134e-03
9.672897196261681652e-01 5.498656838968282203e-03
9.719626168224297924e-01 -1.810628366121577878e-04
9.766355140186915307e-01 -1.789903639251874115e-03
9.813084112149531579e-01 1.314215235598121233e-04
9.859813084112148962e-01 3.603579267914679032e-04
9.906542056074765235e-01 -5.369910826999555083e-05
9.953271028037382617e-01 -2.318548124437324541e-05
1.000000000000000000e+00 0.000000000000000000e+00
