0.000000000000000000e+00 -4.858118376600196233e-05
1.218026796589524903e-03 -1.832658831148027223e-04
2.436053593179049806e-03 -3.857834050747515221e-04
3.654080389768574709e-03 -6.360890006951267373e-04
4.872107186358099612e-03 -9.129294554328546644e-04
6.090133982947624515e-03 -1.194383174142429459e-03
7.308160779537149418e-03 -1.458160677511423061e-03
8.526187576126675188e-03 -1.681329955091594641e-03
9.744214372716199224e-03 -1.839715229016217679e-03
1.096224116930572326e-02 -1.906075128969569963e-03
1.218026796589524903e-02 -1.857162034561573314e-03
1.339829476248477480e-02 -1.664520623404943398e-03
1.461632155907429884e-02 -1.304681102679765324e-03
1.583434835566382287e-02 -7.570202809475702881e-04
1.705237515225335038e-02 -3.965950637409928578e-06
1.827040194884287441e-02 9.695730761166883056e-04
1.948842874543239845e-02 2.177942165322771084e-03
2.070645554202192248e-02 3.637835630298241404e-03
2.192448233861144652e-02 5.370417773981335345e-03
2.314250913520097402e-02 7.400421519059041317e-03
2.436053593179049806e-02 9.750215188829335425e-03
2.557856272838002210e-02 1.242870788445170870e-02
2.679658952496954960e-02 1.542771215700521406e-02
2.801461632155907364e-02 1.872623837101914518e-02
2.923264311814859767e-02 2.229417277394853819e-02
3.045066991473812171e-02 2.609964115875432894e-02
3.166869671132764574e-02 3.011845514938472912e-02
3.288672350791717325e-02 3.433727740783459187e-02
3.410475030450670075e-02 3.874428271894835019e-02
3.532277710109622132e-02 4.331703802842430673e-02
3.654080389768574882e-02 4.802560414972342762e-02
3.775883069427526939e-02 5.282497402627676919e-02
3.897685749086479690e-02 5.767631031694557542e-02
4.019488428745432440e-02 6.255686972768573217e-02
4.141291108404384497e-02 6.744791674731048792e-02
4.263093788063337247e-02 7.232188229913048827e-02
4.384896467722289304e-02 7.712106757570356963e-02
4.506699147381242054e-02 8.174538571690076472e-02
4.628501827040194805e-02 8.608726564718129082e-02
4.750304506699146861e-02 9.005621160746866971e-02
4.872107186358099612e-02 9.358192506969620350e-02
4.993909866017052362e-02 9.660074051051177613e-02
5.115712545676004419e-02 9.904281241919296597e-02
5.237515225334957170e-02 1.008376885536010764e-01
5.359317904993909920e-02 1.019118688129489053e-01
5.481120584652861977e-02 1.022267788304616898e-01
5.602923264311814727e-02 1.017469959961128656e-01
5.724725943970766784e-02 1.004155130014048047e-01
5.846528623629719534e-02 9.814212484777931622e-02
5.968331303288672285e-02 9.482333252140051627e-02
6.090133982947624341e-02 9.037442064435997902e-02
6.211936662606577092e-02 8.474294367427528951e-02
6.333739342265529149e-02 7.790251769090951461e-02
6.455542021924481899e-02 6.984483196331524313e-02
6.577344701583434650e-02 6.056712357691765303e-02
6.699147381242387400e-02 5.007509425285336380e-02
6.820950060901340151e-02 3.836512774818822552e-02
6.942752740560291513e-02 2.542764094993951382e-02
7.064555420219244264e-02 1.125543784089651916e-02
7.186358099878197014e-02 -4.150052707807876107e-03
7.308160779537149765e-02 -2.077465237126045056e-02
7.429963459196102515e-02 -3.857874353228382680e-02
7.551766138855053878e-02 -5.748358939012369884e-02
7.673568818514006629e-02 -7.737371869156478565e-02
7.795371498172959379e-02 -9.808891940157327127e-02
7.917174177831912130e-02 -1.194275472418196149e-01
8.038976857490864880e-02 -1.411512082974867854e-01
8.160779537149816243e-02 -1.629913396938231229e-01
8.282582216808768993e-02 -1.846568053075115790e-01
8.404384896467721744e-02 -2.058680372766485689e-01
8.526187576126674494e-02 -2.263742883040249787e-01
8.647990255785627245e-02 -2.459395917035030465e-01
8.769792935444578608e-02 -2.643125739736987834e-01
8.891595615103531358e-02 -2.811880840303236928e-01
9.013398294762484109e-02 -2.961937592013181297e-01
9.135200974421436859e-02 -3.088753386177074955e-01
9.257003654080389610e-02 -3.187676191475659060e-01
9.378806333739342360e-02 -3.255229306548794721e-01
9.500609013398293723e-02 -3.288986624292133953e-01
9.622411693057246473e-02 -3.286766639603692641e-01
9.744214372716199224e-02 -3.245948181882379324e-01
9.866017052375151974e-02 -3.163625495536399601e-01
9.987819732034104725e-02 -3.037386834969341143e-01
1.010962241169305609e-01 -2.865990107768078832e-01
1.023142509135200884e-01 -2.649398837077251989e-01
1.035322777101096159e-01 -2.388184766149605565e-01
1.047503045066991434e-01 -2.083048194271553133e-01
1.059683313032886709e-01 -1.734693709550506890e-01
1.071863580998781984e-01 -1.344653927952548511e-01
1.084043848964677120e-01 -9.163069517659881702e-02
1.096224116930572395e-01 -4.552039223729788253e-02
1.108404384896467670e-01 3.147143024039516287e-03
1.120584652862362945e-01 5.357361122506097695e-02
1.132764920828258220e-01 1.049358262271208042e-01
1.144945188794153357e-01 1.564106166136715326e-01
1.157125456760048632e-01 2.071445817456215865e-01
1.169305724725943907e-01 2.562411025753581484e-01
1.181485992691839182e-01 3.027610871414935789e-01
1.193666260657734457e-01 3.457277234929461152e-01
1.205846528623629593e-01 3.841383192721029571e-01
1.218026796589524868e-01 4.169790720526189154e-01
1.230207064555420143e-01 4.432509270148744518e-01
1.242387332521315418e-01 4.621147098082449278e-01
1.254567600487210555e-01 4.730752848465322735e-01
1.266747868453105830e-01 4.758003249650618605e-01
1.278928136419001105e-01 4.701234089823023710e-01
1.291108404384896380e-01 4.560831087690722652e-01
1.303288672350791655e-01 4.338871655367231295e-01
1.315468940316686930e-01 4.039011861168176343e-01
1.327649208282582205e-01 3.666427935589086640e-01
1.339829476248477480e-01 3.227840215753503550e-01
1.352009744214372755e-01 2.731287243921232677e-01
1.364190012180268030e-01 2.185834971681414884e-01
1.376370280146163028e-01 1.601454608508231514e-01
1.388550548112058303e-01 9.890527828425295376e-02
1.400730816077953578e-01 3.603099107150392610e-02
1.412911084043848853e-01 -2.726096948404106365e-02
1.425091352009744128e-01 -8.973082950023093807e-02
1.437271619975639403e-01 -1.501256856060181055e-01
1.449451887941534678e-01 -2.072219945281618958e-01
1.461632155907429953e-01 -2.598980942301219454e-01
1.473812423873325228e-01 -3.071992491787418067e-01
1.485992691839220503e-01 -3.483872062420073634e-01
1.498172959805115501e-01 -3.829557271361146431e-01
1.510353227771010776e-01 -4.106147281417237282e-01
1.522533495736906051e-01 -4.312109353397047817e-01
1.534713763702801326e-01 -4.446850790629134909e-01
1.546894031668696601e-01 -4.510635064121403248e-01
1.559074299634591876e-01 -4.504659529855770672e-01
1.571254567600487151e-01 -4.431146214966714125e-01
1.583434835566382426e-01 -4.293321699337611652e-01
1.595615103532277701e-01 -4.095443988826836801e-01
1.607795371498172976e-01 -3.843113822917026412e-01
1.619975639464068251e-01 -3.543353573474268825e-01
1.632155907429963249e-01 -3.203735419982520760e-01
1.644336175395858524e-01 -2.832152196404473243e-01
1.656516443361753799e-01 -2.436434960295053576e-01
1.668696711327649074e-01 -2.023700027484216235e-01
1.680876979293544349e-01 -1.599964727405541187e-01
1.693057247259439624e-01 -1.170208685898541101e-01
1.705237515225334899e-01 -7.391589981169927048e-02
1.717417783191230174e-01 -3.117381770113180142e-02
1.729598051157125449e-01 1.075367504253733897e-02
1.741778319123020724e-01 5.145606624339126023e-02
1.753958587088915722e-01 9.055061525129358413e-02
1.766138855054810997e-01 1.276653814447903101e-01
1.778319123020706272e-01 1.624192220884252968e-01
1.790499390986601547e-01 1.944167588176677341e-01
1.802679658952496822e-01 2.233264022423520068e-01
1.814859926918392097e-01 2.489415490688634269e-01
1.827040194884287372e-01 2.712305346402261175e-01
1.839220462850182647e-01 2.903117139149524184e-01
1.851400730816077922e-01 3.063606888213516455e-01
1.863580998781973197e-01 3.194666081490470932e-01
1.875761266747868472e-01 3.296370150850058134e-01
1.887941534713763470e-01 3.368007189812823876e-01
1.900121802679658745e-01 3.409111934161109803e-01
1.912302070645554020e-01 3.419956560698572123e-01
1.924482338611449295e-01 3.401087166521526428e-01
1.936662606577344570e-01 3.354465307635524640e-01
1.948842874543239845e-01 3.282234700781457848e-01
1.961023142509135120e-01 3.186902177343748366e-01
1.973203410475030395e-01 3.071360126115595390e-01
1.985383678440925670e-01 2.938239386228400640e-01
1.997563946406820945e-01 2.789034789929627500e-01
2.009744214372716220e-01 2.624228663877884449e-01
2.021924482338611218e-01 2.444290291467452469e-01
2.034104750304506493e-01 2.250367792054389915e-01
2.046285018270401768e-01 2.044321673501099113e-01
2.058465286236297043e-01 1.828445552071999158e-01
2.070645554202192318e-01 1.605109128764601878e-01
2.082825822168087593e-01 1.376401017506222735e-01
2.095006090133982868e-01 1.143919774174605719e-01
2.107186358099878143e-01 9.089420381586400810e-02
2.119366626065773418e-01 6.727936654040576892e-02
2.131546894031668693e-01 4.370366454739934431e-02
2.143727161997563968e-01 2.029536979761268137e-02
2.155907429963458966e-01 -2.852428352487397078e-03
2.168087697929354241e-01 -2.563805769061908504e-02
2.180267965895249516e-01 -4.799692248681822204e-02
2.192448233861144791e-01 -6.991364004919418951e-02
2.204628501827040066e-01 -9.137151816458338738e-02
2.216808769792935341e-01 -1.122954080331875909e-01
2.228989037758830616e-01 -1.325671583900378259e-01
2.241169305724725891e-01 -1.520086564718426403e-01
2.253349573690621166e-01 -1.704159482450987861e-01
2.265529841656516441e-01 -1.876129633115775630e-01
2.277710109622411438e-01 -2.034866498574875449e-01
2.289890377588306714e-01 -2.179709342344570422e-01
2.302070645554201989e-01 -2.310313540616307226e-01
2.314250913520097264e-01 -2.426261244799647887e-01
2.326431181485992539e-01 -2.527540673720821141e-01
2.338611449451887814e-01 -2.614710231801337659e-01
2.350791717417783089e-01 -2.688419884347370004e-01
2.362971985383678364e-01 -2.748934638184042933e-01
2.375152253349573639e-01 -2.795864466856083363e-01
2.387332521315468914e-01 -2.828294420966017686e-01
2.399512789281364189e-01 -2.845383011397926154e-01
2.411693057247259186e-01 -2.846774973198749059e-01
2.423873325213154462e-01 -2.832589171417990159e-01
2.436053593179049737e-01 -2.802750001032804916e-01
2.448233861144945012e-01 -2.757327078635377071e-01
2.460414129110840287e-01 -2.696797573239084200e-01
2.472594397076735562e-01 -2.621698376919707196e-01
2.484774665042630837e-01 -2.532488016579627632e-01
2.496954933008526112e-01 -2.429344374714842159e-01
2.509135200974421109e-01 -2.312190087723930421e-01
2.521315468940316662e-01 -2.180996758991914641e-01
2.533495736906211659e-01 -2.036051432601393152e-01
2.545676004872107212e-01 -1.878202946519050842e-01
2.557856272838002210e-01 -1.708666614225796687e-01
2.570036540803897762e-01 -1.528660608128848408e-01
2.582216808769792760e-01 -1.339137084606105976e-01
2.594397076735688312e-01 -1.140571331186660126e-01
2.606577344701583310e-01 -9.334050867176206523e-02
2.618757612667478307e-01 -7.180048109637085507e-02
2.630937880633373860e-01 -4.949855449342467628e-02
2.643118148599268857e-01 -2.653896326326326410e-02
2.655298416565164410e-01 -3.077685461005342984e-03
2.667478684531059407e-01 2.069148589147230474e-02
2.679658952496954960e-01 4.457454353308348827e-02
2.691839220462849958e-01 6.842266331895241471e-02
2.704019488428745510e-01 9.215624178589428006e-02
2.716199756394640508e-01 1.157298906378890074e-01
2.728380024360536060e-01 1.391056730582730383e-01
2.740560292326431058e-01 1.621632140217723894e-01
2.752740560292326055e-01 1.846661107473514252e-01
2.764920828258221608e-01 2.063379693515350888e-01
2.777101096224116605e-01 2.269480397771775071e-01
2.789281364190012158e-01 2.463531618142816293e-01
2.801461632155907155e-01 2.644389606076813504e-01
2.813641900121802708e-01 2.810618880003221687e-01
2.825822168087697706e-01 2.960441729791626342e-01
2.838002436053593258e-01 3.091701129424646033e-01
2.850182704019488256e-01 3.202284114807294468e-01
2.862362971985383253e-01 3.290302249636516962e-01
2.874543239951278806e-01 3.354067560956465743e-01
2.886723507917173803e-01 3.391898420893074140e-01
2.898903775883069356e-01 3.402176629537672636e-01
2.911084043848964353e-01 3.383615201284435048e-01
2.923264311814859906e-01 3.335265454973993515e-01
2.935444579780754903e-01 3.256470831814761158e-01
2.947624847746650456e-01 3.146768986999397555e-01
2.959805115712545454e-01 3.005498618192949944e-01
2.971985383678441006e-01 2.831960903562076304e-01
2.984165651644336004e-01 2.625859393527213981e-01
2.996345919610231001e-01 2.387407975356524714e-01
3.008526187576126554e-01 2.117406501254658902e-01
3.020706455542021551e-01 1.817055198586010611e-01
3.032886723507917104e-01 1.487730993907539212e-01
3.045066991473812101e-01 1.131119075648972655e-01
3.057247259439707654e-01 7.496436715165401277e-02
3.069427527405602651e-01 3.468042317365411381e-02
3.081607795371498204e-01 -7.284708982786726114e-03
3.093788063337393202e-01 -5.042107374184333357e-02
3.105968331303288754e-01 -9.421697780090383667e-02
3.118148599269183752e-01 -1.381760608633734178e-01
3.130328867235078749e-01 -1.818020737473098336e-01
3.142509135200974302e-01 -2.245504627351270488e-01
3.154689403166869299e-01 -2.657776613951509104e-01
3.166869671132764852e-01 -3.047622393451765999e-01
3.179049939098659849e-01 -3.407436006598208444e-01
3.191230207064555402e-01 -3.729591017050709056e-01
3.203410475030450399e-01 -4.006642686568193112e-01
3.215590742996345952e-01 -4.231392745066475669e-01
3.227771010962240950e-01 -4.397052651631054299e-01
3.239951278928136502e-01 -4.497504130409500922e-01
3.252131546894031500e-01 -4.527587821039150695e-01
3.264311814859926497e-01 -4.483266738895834158e-01
3.276492082825822050e-01 -4.361608221339294822e-01
3.288672350791717047e-01 -4.160832857411149166e-01
3.300852618757612600e-01 -3.881183029204335333e-01
3.313032886723507597e-01 -3.524539988067792451e-01
3.325213154689403150e-01 -3.094211638633540540e-01
3.337393422655298147e-01 -2.595749655127037037e-01
3.349573690621193700e-01 -2.036820881282884743e-01
3.361753958587088698e-01 -1.427044287317671134e-01
3.373934226552984250e-01 -7.777078632765599409e-02
3.386114494518879248e-01 -1.014936601637918441e-02
3.398294762484774245e-01 5.878888271965635598e-02
3.410475030450669798e-01 1.275891966185500048e-01
3.422655298416564795e-01 1.947247686286967261e-01
3.434835566382460348e-01 2.586535760112964044e-01
3.447015834348355345e-01 3.179005084905974776e-01
3.459196102314250898e-01 3.710520962316404825e-01
3.471376370280145895e-01 4.167913441593962820e-01
3.483556638246041448e-01 4.539791873095739838e-01
3.495736906211936446e-01 4.817015869936089878e-01
3.507917174177831443e-01 4.992797598916065560e-01
3.520097442143726996e-01 5.062891863779691581e-01
3.532277710109621993e-01 5.025750635609995687e-01
3.544457978075517546e-01 4.882670120644276301e-01
3.556638246041412543e-01 4.637837669780097150e-01
3.568818514007308096e-01 4.298117060293413227e-01
3.580998781973203093e-01 3.872683341681787406e-01
3.593179049939098646e-01 3.372540397368656850e-01
3.605359317904993643e-01 2.810110141492142000e-01
3.617539585870889196e-01 2.198704942075598856e-01
3.629719853836784194e-01 1.552302399124821652e-01
3.641900121802679191e-01 8.852646207051319271e-02
3.654080389768574744e-01 2.123293554297045124e-02
3.666260657734469741e-01 -4.516488600074697324e-02
3.678440925700365294e-01 -1.092801320664477521e-01
3.690621193666260291e-01 -1.699230849108326891e-01
3.702801461632155844e-01 -2.261214956429320744e-01
3.714981729598050841e-01 -2.770552938103500451e-01
3.727161997563946394e-01 -3.219394353853950452e-01
3.739342265529841391e-01 -3.600959633230249590e-01
3.751522533495736944e-01 -3.911671017818968421e-01
3.763702801461631942e-01 -4.149427948544769928e-01
3.775883069427526939e-01 -4.313372585909053258e-01
3.788063337393422492e-01 -4.403894402874335423e-01
3.800243605359317489e-01 -4.422898818274010879e-01
3.812423873325213042e-01 -4.373414455314905691e-01
3.824604141291108039e-01 -4.259443670285247840e-01
3.836784409257003592e-01 -4.086008543266368975e-01
3.848964677222898589e-01 -3.858998461088204990e-01
3.861144945188794142e-01 -3.584806902504045212e-01
3.873325213154689139e-01 -3.269994092311913070e-01
3.885505481120584692e-01 -2.921086237780192718e-01
3.897685749086479690e-01 -2.544597170201780001e-01
3.909866017052374687e-01 -2.146839828072553136e-01
3.922046285018270240e-01 -1.733385007820850976e-01
3.934226552984165237e-01 -1.309061394611640006e-01
3.946406820950060790e-01 -8.787606780107343196e-02
3.958587088915955787e-01 -4.481527177971200704e-02
3.970767356881851340e-01 -2.345155530527456844e-03
3.982947624847746337e-01 3.891384442021683654e-02
3.995127892813641890e-01 7.847654299390746657e-02
4.007308160779536887e-01 1.159940820808188638e-01
4.019488428745432440e-01 1.512075849471792022e-01
4.031668696711327438e-01 1.839377041970088611e-01
4.043848964677222435e-01 2.139981496121779181e-01
4.056029232643117988e-01 2.412215151421715775e-01
4.068209500609012985e-01 2.654671450086310558e-01
4.080389768574908538e-01 2.865929730207324999e-01
4.092570036540803535e-01 3.044692241229227658e-01
4.104750304506699088e-01 3.190521193768688923e-01
4.116930572472594085e-01 3.303760528992108481e-01
4.129110840438489638e-01 3.385739854480974143e-01
4.141291108404384635e-01 3.436210484321589598e-01
4.153471376370280188e-01 3.455064032255465434e-01
4.165651644336175186e-01 3.442959002529099033e-01
4.177831912302070183e-01 3.401384155943831256e-01
4.190012180267965736e-01 3.331888199667128458e-01
4.202192448233860733e-01 3.235505724094918101e-01
4.214372716199756286e-01 3.113086370031910022e-01
4.226552984165651283e-01 2.965650613562205162e-01
4.238733252131546836e-01 2.794589683213352660e-01
4.250913520097441833e-01 2.601830635013289705e-01
4.263093788063337386e-01 2.389617434308678456e-01
4.275274056029232383e-01 2.160472707966836492e-01
4.287454323995127936e-01 1.916668434579329172e-01
4.299634591961022934e-01 1.660078240290539242e-01
4.311814859926917931e-01 1.392858831409288234e-01
4.323995127892813484e-01 1.117295455929325637e-01
4.336175395858708481e-01 8.354752843154394926e-02
4.348355663824604034e-01 5.492881220719592061e-02
4.360535931790499031e-01 2.606749373009456527e-02
4.372716199756394584e-01 -2.820518633543777926e-03
4.384896467722289581e-01 -3.150402600436970346e-02
4.397076735688185134e-01 -5.976034967104990742e-02
4.409257003654080131e-01 -8.739490821261107489e-02
4.421437271619975129e-01 -1.142483314674794664e-01
4.433617539585870682e-01 -1.402047821820802120e-01
4.445797807551765679e-01 -1.651768750704740718e-01
4.457978075517661232e-01 -1.889533898757007058e-01
4.470158343483556229e-01 -2.113740684368001499e-01
4.482338611449451782e-01 -2.322541228973112881e-01
4.494518879415346779e-01 -2.514198211848974740e-01
4.506699147381242332e-01 -2.686846868227480978e-01
4.518879415347137329e-01 -2.839002551894020399e-01
4.531059683313032882e-01 -2.970215463144856294e-01
4.543239951278927879e-01 -3.080154964105673021e-01
4.555420219244822877e-01 -3.168051045395087195e-01
4.567600487210718430e-01 -3.232729156008491977e-01
4.579780755176613427e-01 -3.272902547923486338e-01
4.591961023142508980e-01 -3.287244389228174968e-01
4.604141291108403977e-01 -3.274678267810107180e-01
4.616321559074299530e-01 -3.234497292148782455e-01
4.628501827040194527e-01 -3.166316623690814680e-01
4.640682095006090080e-01 -3.070275639257896705e-01
4.652862362971985077e-01 -2.946918938494075269e-01
4.665042630937880630e-01 -2.797131446291830081e-01
4.677222898903775627e-01 -2.622081741029210211e-01
4.689403166869670625e-01 -2.423077924829398488e-01
4.701583434835566178e-01 -2.201327869083327948e-01
4.713763702801461175e-01 -1.957636217759211317e-01
4.725943970767356728e-01 -1.692867061418655006e-01
4.738124238733251725e-01 -1.407893323453377477e-01
4.750304506699147278e-01 -1.103905265901424793e-01
4.762484774665042275e-01 -7.827640146209532968e-02
4.774665042630937828e-01 -4.469997079326361311e-02
4.786845310596832825e-01 -9.967306144231788401e-03
4.799025578562728378e-01 2.559900430786295547e-02
4.811205846528623375e-01 6.168685222391035589e-02
4.823386114494518373e-01 9.798062158601818228e-02
4.835566382460413926e-01 1.341501573413197423e-01
4.847746650426308923e-01 1.698162237273819763e-01
4.859926918392204476e-01 2.045505800323463297e-01
4.872107186358099473e-01 2.378706564693306436e-01
4.884287454323995026e-01 2.692903833620614584e-01
4.896467722289890023e-01 2.983673646047977357e-01
4.908647990255785576e-01 3.247302837755522975e-01
4.920828258221680573e-01 3.480702352499041585e-01
4.933008526187576126e-01 3.680448653483651134e-01
4.945188794153471123e-01 3.842338065988760709e-01
4.957369062119366121e-01 3.961314718260086631e-01
4.969549330085261674e-01 4.032031976063058520e-01
4.981729598051156671e-01 4.049748652973373941e-01
4.993909866017052224e-01 4.011075180149124009e-01
5.006090133982947776e-01 3.914194919658178229e-01
5.018270401948842219e-01 3.758545200563913613e-01
5.030450669914737771e-01 3.544183754548882459e-01
5.042630937880633324e-01 3.271291698673615689e-01
5.054811205846528877e-01 2.940159876671983863e-01
5.066991473812423319e-01 2.551793533584129636e-01
5.079171741778318871e-01 2.108661032120272283e-01
5.091352009744214424e-01 1.615293532214268635e-01
5.103532277710108866e-01 1.078510743483581391e-01
5.115712545676004419e-01 5.068972370510066439e-02
5.127892813641899972e-01 -9.019023174482857994e-03
5.140073081607795524e-01 -7.033215199967400577e-02
5.152253349573689967e-01 -1.322495806876214097e-01
5.164433617539585519e-01 -1.936604420793498760e-01
5.176613885505481072e-01 -2.533483039442197549e-01
5.188794153471376625e-01 -3.100135894399927983e-01
5.200974421437271067e-01 -3.622233601035668715e-01
5.213154689403166619e-01 -4.084083565239113311e-01
5.225334957369062172e-01 -4.470294718766167907e-01
5.237515225334956614e-01 -4.768297704527199588e-01
5.249695493300852167e-01 -4.968978494148612590e-01
5.261875761266747720e-01 -5.064770450730984308e-01
5.274056029232643272e-01 -5.048523270575981936e-01
5.286236297198537715e-01 -4.914683766114348318e-01
5.298416565164433267e-01 -4.661018386894920651e-01
5.310596833130328820e-01 -4.291362068936978025e-01
5.322777101096224373e-01 -3.812245233012543921e-01
5.334957369062118815e-01 -3.230029027101355421e-01
5.347137637028014368e-01 -2.554925961695714842e-01
5.359317904993909920e-01 -1.806946392690036429e-01
5.371498172959804362e-01 -1.003462535471363881e-01
5.383678440925699915e-01 -1.602994536858726518e-02
5.395858708891595468e-01 6.897764045804177790e-02
5.408038976857491020e-01 1.532293703124668338e-01
5.420219244823385463e-01 2.339307697037317502e-01
5.432399512789281015e-01 3.091715633639488536e-01
5.444579780755176568e-01 3.762350373713485019e-01
5.456760048721072121e-01 4.330273349447851805e-01
5.468940316686966563e-01 4.794660562957396843e-01
5.481120584652862116e-01 5.127614347554219076e-01
5.493300852618757668e-01 5.320296622380916718e-01
5.505481120584652110e-01 5.373179091354548520e-01
5.517661388550547663e-01 5.288182766194032824e-01
5.529841656516443216e-01 5.069217909413168410e-01
5.542021924482338768e-01 4.723601039199265550e-01
5.554202192448233211e-01 4.261551725846519090e-01
5.566382460414128763e-01 3.695942499880555121e-01
5.578562728380024316e-01 3.043776862606765721e-01
5.590742996345918758e-01 2.325430651662879489e-01
5.602923264311814311e-01 1.562899900957355204e-01
5.615103532277709864e-01 7.783341482048646010e-02
5.627283800243605416e-01 -7.252985216869503463e-04
5.639464068209499858e-01 -7.750737877891650252e-02
5.651644336175395411e-01 -1.508695209811293791e-01
5.663824604141290964e-01 -2.193381265564734173e-01
5.676004872107186516e-01 -2.815666229568029033e-01
5.688185140073080959e-01 -3.363640691597692411e-01
5.700365408038976511e-01 -3.827690803706094713e-01
5.712545676004872064e-01 -4.200732017547540997e-01
5.724725943970766506e-01 -4.477131798477747560e-01
5.736906211936662059e-01 -4.653819074992679439e-01
5.749086479902557612e-01 -4.731806519913668851e-01
5.761266747868453164e-01 -4.715278046744046381e-01
5.773447015834347606e-01 -4.609390359789424796e-01
5.785627283800243159e-01 -4.419734870955840944e-01
5.797807551766138712e-01 -4.153719264825223578e-01
5.809987819732034264e-01 -3.820482741285138317e-01
5.822168087697928707e-01 -3.429054788742549320e-01
5.834348355663824259e-01 -2.987925033319961399e-01
5.846528623629719812e-01 -2.506021341898345134e-01
5.858708891595614254e-01 -1.993099652542083822e-01
5.870889159561509807e-01 -1.459413034041534829e-01
5.883069427527405360e-01 -9.151313410283019867e-02
5.895249695493300912e-01 -3.695607417815255369e-02
5.907429963459195355e-01 1.693047878856318231e-02
5.919610231425090907e-01 6.938123436307216951e-02
5.931790499390986460e-01 1.195870024620600131e-01
5.943970767356882012e-01 1.668926388760408330e-01
5.956151035322776455e-01 2.108545795734723949e-01
5.968331303288672007e-01 2.510260293413569821e-01
5.980511571254567560e-01 2.868891717995714075e-01
5.992691839220462002e-01 3.180218162285485817e-01
6.004872107186357555e-01 3.440883351261760370e-01
6.017052375152253108e-01 3.648350675401482168e-01
6.029232643118148660e-01 3.802745130915781702e-01
6.041412911084043103e-01 3.903618050022326091e-01
6.053593179049938655e-01 3.954186745753784926e-01
6.065773447015834208e-01 3.946594456518309202e-01
6.077953714981729760e-01 3.891614057166714602e-01
6.090133982947624203e-01 3.789263341260915019e-01
6.102314250913519755e-01 3.637605223934654020e-01
6.114494518879415308e-01 3.442651888655665626e-01
6.126674786845309750e-01 3.208159587089288722e-01
6.138855054811205303e-01 2.936770203030556470e-01
6.151035322777100856e-01 2.631492726596585396e-01
6.163215590742996408e-01 2.296094294946406933e-01
6.175395858708890851e-01 1.935008256526468684e-01
6.187576126674786403e-01 1.553006781893772614e-01
6.199756394640681956e-01 1.154893198042642039e-01
6.211936662606577508e-01 7.453445271093307734e-02
6.224116930572471951e-01 3.288137266315710461e-02
6.236297198538367503e-01 -9.054554820258825520e-03
6.248477466504263056e-01 -5.087506531008807037e-02
6.260657734470157498e-01 -9.215991286565827778e-02
6.272838002436053051e-01 -1.324197221575584837e-01
6.285018270401948604e-01 -1.711052170231066316e-01
6.297198538367844156e-01 -2.076871391826031199e-01
6.309378806333738599e-01 -2.417441879280406436e-01
6.321559074299634151e-01 -2.729539154569946557e-01
6.333739342265529704e-01 -3.010237546304301293e-01
6.345919610231425256e-01 -3.256486199239350121e-01
6.358099878197319699e-01 -3.465272035783635296e-01
6.370280146163215251e-01 -3.633670359247553328e-01
6.382460414129110804e-01 -3.758640911903909365e-01
6.394640682095005246e-01 -3.837406294578959431e-01
6.406820950060900799e-01 -3.868490624768088915e-01
6.419001218026796352e-01 -3.850596479754644919e-01
6.431181485992691904e-01 -3.782029628361786577e-01
6.443361753958586347e-01 -3.664120949305219588e-01
6.455542021924481899e-01 -3.497510329803263929e-01
6.467722289890377452e-01 -3.281294528210475514e-01
6.479902557856273004e-01 -3.020195203897938496e-01
6.492082825822167447e-01 -2.713601689221281643e-01
6.504263093788062999e-01 -2.364107796859404309e-01
6.516443361753958552e-01 -1.975624728006261377e-01
6.528623629719852994e-01 -1.550995442426366666e-01
6.540803897685748547e-01 -1.095453440945222540e-01
6.552984165651644100e-01 -6.139957773239754918e-02
6.565164433617539652e-01 -1.130360774281332324e-02
6.577344701583434095e-01 3.999842404027081216e-02
6.589524969549329647e-01 9.175394578551497593e-02
6.601705237515225200e-01 1.432185005853330861e-01
6.613885505481120752e-01 1.936137783602154827e-01
6.626065773447015195e-01 2.420979238963194557e-01
6.638246041412910747e-01 2.877814249229164734e-01
6.650426309378806300e-01 3.297733427206294698e-01
6.662606577344700742e-01 3.672153532495066597e-01
6.674786845310596295e-01 3.992762467628017675e-01
6.686967113276491848e-01 4.251350926247616235e-01
6.699147381242387400e-01 4.439917527226712179e-01
6.711327649208281843e-01 4.550644261033873761e-01
6.723507917174177395e-01 4.577074117235784279e-01
6.735688185140072948e-01 4.513911685216252523e-01
6.747868453105968500e-01 4.357962193541482510e-01
6.760048721071862943e-01 4.107637118303212320e-01
6.772228989037758495e-01 3.763401835958771202e-01
6.784409257003654048e-01 3.327601095205941495e-01
6.796589524969548490e-01 2.804539663570450037e-01
6.808769792935444043e-01 2.202870183580521446e-01
6.820950060901339596e-01 1.532255430424162290e-01
6.833130328867235148e-01 8.054026879736825295e-02
6.845310596833129591e-01 3.606220768050638105e-03
6.857490864799025143e-01 -7.599646765758044653e-02
6.869671132764920696e-01 -1.562360590553922846e-01
6.881851400730816248e-01 -2.348304028604591143e-01
6.894031668696710691e-01 -3.094625851316746834e-01
6.906211936662606243e-01 -3.778520065149080787e-01
6.918392204628501796e-01 -4.377893391406807999e-01
6.930572472594396238e-01 -4.871974377063345574e-01
6.942752740560291791e-01 -5.241131535723789758e-01
6.954933008526187344e-01 -5.466789147044839314e-01
6.967113276492082896e-01 -5.532318149987373035e-01
6.979293544457977339e-01 -5.425112880564556539e-01
6.991473812423872891e-01 -5.140566591499191595e-01
7.003654080389768444e-01 -4.681784269494656536e-01
7.015834348355662886e-01 -4.059761948186602076e-01
7.028014616321558439e-01 -3.291538961340991221e-01
7.040194884287453991e-01 -2.400491166353619366e-01
7.052375152253349544e-01 -1.413043150674906934e-01
7.064555420219243986e-01 -3.571081616942307912e-02
7.076735688185139539e-01 7.296687511408826710e-02
7.088915956151035092e-01 1.808189434338919044e-01
7.101096224116930644e-01 2.834045407714808062e-01
7.113276492082825087e-01 3.767596462501954790e-01
7.125456760048720639e-01 4.575030462861794933e-01
7.137637028014616192e-01 5.225783837950526145e-01
7.149817295980510634e-01 5.692279543179489254e-01
7.161997563946406187e-01 5.952012449373019765e-01
7.174177831912301739e-01 5.989376646104901392e-01
7.186358099878197292e-01 5.799748401961251076e-01
7.198538367844091734e-01 5.390016305567811861e-01
7.210718635809987287e-01 4.776685120954642927e-01
7.222898903775882840e-01 3.984483576128572957e-01
7.235079171741778392e-01 3.044645466721970228e-01
7.247259439707672835e-01 1.994456502840609990e-01
7.259439707673568387e-01 8.757781979549421336e-02
7.271619975639463940e-01 -2.637447790380222437e-02
7.283800243605358382e-01 -1.379231357233418331e-01
7.295980511571253935e-01 -2.427852563373676664e-01
7.308160779537149487e-01 -3.375265839690175795e-01
7.320341047503045040e-01 -4.191227628387915183e-01
7.332521315468939482e-01 -4.849133547605863903e-01
7.344701583434835035e-01 -5.328732605951659318e-01
7.356881851400730588e-01 -5.618671787636307924e-01
7.369062119366626140e-01 -5.716991727145509516e-01
7.381242387332520583e-01 -5.628650153404485268e-01
7.393422655298416135e-01 -5.359427735501411938e-01
7.405602923264311688e-01 -4.913056832478640001e-01
7.417783191230206130e-01 -4.299594364647728595e-01
7.429963459196101683e-01 -3.541888758896895029e-01
7.442143727161997235e-01 -2.677753482792303852e-01
7.454323995127892788e-01 -1.752781574577976786e-01
7.466504263093787230e-01 -8.061198338066219438e-02
7.478684531059682783e-01 1.347999083925166194e-02
7.490864799025578336e-01 1.049113154817702259e-01
7.503045066991473888e-01 1.914632331554801392e-01
7.515225334957368331e-01 2.709140875527350500e-01
7.527405602923263883e-01 3.409757095035716445e-01
7.539585870889159436e-01 4.009876285840471843e-01
7.551766138855053878e-01 4.500853884687882056e-01
7.563946406820949431e-01 4.872382298040008330e-01
7.576126674786844983e-01 5.115718618545712637e-01
7.588306942752740536e-01 5.218897809183371539e-01
7.600487210718634978e-01 5.157864161310007356e-01
7.612667478684530531e-01 4.933014313444811227e-01
7.624847746650426084e-01 4.564082229957489578e-01
7.637028014616321636e-01 4.079651872044287031e-01
7.649208282582216079e-01 3.504145508438636369e-01
7.661388550548111631e-01 2.858398574982616291e-01
7.673568818514007184e-01 2.163836218752188123e-01
7.685749086479901626e-01 1.422636916975859034e-01
7.697929354445797179e-01 6.594894133497336552e-02
7.710109622411692731e-01 -1.110694441451542426e-02
7.722289890377588284e-01 -8.847940959040692666e-02
7.734470158343482726e-01 -1.638384536305291794e-01
7.746650426309378279e-01 -2.359919009774607279e-01
7.758830694275273832e-01 -3.031659413405127235e-01
7.771010962241169384e-01 -3.624029980946123497e-01
7.783191230207063827e-01 -4.116528427037182136e-01
7.795371498172959379e-01 -4.495261619538448716e-01
7.807551766138854932e-01 -4.750187789486091661e-01
7.819732034104749374e-01 -4.880783939571775032e-01
7.831912302070644927e-01 -4.884428899771307009e-01
7.844092570036540479e-01 -4.772255386588634685e-01
7.856272838002436032e-01 -4.562102345444715157e-01
7.868453105968330474e-01 -4.255277075864961067e-01
7.880633373934226027e-01 -3.846446432054428932e-01
7.892813641900121580e-01 -3.327847141923492291e-01
7.904993909866017132e-01 -2.705930792259013118e-01
7.917174177831911575e-01 -2.000207281461697240e-01
7.929354445797807127e-01 -1.239646281647686366e-01
7.941534713763702680e-01 -4.344343627090864468e-02
7.953714981729597122e-01 3.937587049178505744e-02
7.965895249695492675e-01 1.218117338453801046e-01
7.978075517661388227e-01 2.021707613202000930e-01
7.990255785627283780e-01 2.770337296039049324e-01
8.002436053593178222e-01 3.454716297051679263e-01
8.014616321559073775e-01 4.052984398259414922e-01
8.026796589524969328e-01 4.554228196541348916e-01
8.038976857490864880e-01 4.935217892284253227e-01
8.051157125456759323e-01 5.178398767333396435e-01
8.063337393422654875e-01 5.272465283311086326e-01
8.075517661388550428e-01 5.204706488249375429e-01
8.087697929354444870e-01 4.977790862810075323e-01
8.099878197320340423e-01 4.582478943780752267e-01
8.112058465286235975e-01 4.024797494109105811e-01
8.124238733252131528e-01 3.323633122037965570e-01
8.136419001218025970e-01 2.496495452803027815e-01
8.148599269183921523e-01 1.560751917219243279e-01
8.160779537149817076e-01 5.464739359221484211e-02
8.172959805115712628e-01 -5.205016986970102677e-02
8.185140073081607071e-01 -1.602812463042423974e-01
8.197320341047502623e-01 -2.666642950096257958e-01
8.209500609013398176e-01 -3.658736233399787485e-01
8.221680876979292618e-01 -4.532794782294152225e-01
8.233861144945188171e-01 -5.246351078913380483e-01
8.246041412911083723e-01 -5.763124374583699083e-01
8.258221680876979276e-01 -6.049356532051621826e-01
8.270401948842873718e-01 -6.078586145545946673e-01
8.282582216808769271e-01 -5.834641088908292250e-01
8.294762484774664824e-01 -5.311314181353677943e-01
8.306942752740560376e-01 -4.513232326333295186e-01
8.319123020706454819e-01 -3.467122758355153933e-01
8.331303288672350371e-01 -2.207887902170067862e-01
8.343483556638245924e-01 -7.920335986891891000e-02
8.355663824604140366e-01 7.183731971144528827e-02
8.367844092570035919e-01 2.240948051371277616e-01
8.380024360535931471e-01 3.691749984020268882e-01
8.392204628501827024e-01 4.978192142017016653e-01
8.404384896467721466e-01 6.011074740827725416e-01
8.416565164433617019e-01 6.709218874497475671e-01
8.428745432399512572e-01 7.007132265234250479e-01
8.440925700365408124e-01 6.862708746727498310e-01
8.453105968331302567e-01 6.259527652266155817e-01
8.465286236297198119e-01 5.212136519527735823e-01
8.477466504263093672e-01 3.771133330023533903e-01
8.489646772228988114e-01 2.017978817744556230e-01
8.501827040194883667e-01 6.380825476498685686e-03
8.514007308160779219e-01 -1.953962559996581250e-01
8.526187576126674772e-01 -3.880964271398353316e-01
8.538367844092569214e-01 -5.557916223434986591e-01
8.550548112058464767e-01 -6.833632845894023200e-01
8.562728380024360320e-01 -7.580979703836054906e-01
8.574908647990255872e-01 -7.709545511185055267e-01
8.587088915956150315e-01 -7.176719554107304777e-01
8.599269183922045867e-01 -5.997911983822711290e-01
8.611449451887941420e-01 -4.249018476623957485e-01
8.623629719853835862e-01 -2.063976516325191357e-01
8.635809987819731415e-01 3.712711198310128524e-02
8.647990255785626967e-01 2.832178522711392699e-01
8.660170523751522520e-01 5.075901315960695825e-01
8.672350791717416962e-01 6.864810527356279835e-01
8.684531059683312515e-01 7.991427511997123423e-01
8.696711327649208068e-01 8.303507848549972481e-01
8.708891595615102510e-01 7.725839625397062926e-01
8.721071863580998063e-01 6.275696279934300792e-01
8.733252131546893615e-01 4.070053063642257718e-01
8.745432399512789168e-01 1.323079445450615066e-01
8.757612667478683610e-01 -1.667531141539344841e-01
8.769792935444579163e-01 -4.544474927696994793e-01
8.781973203410474715e-01 -6.929715620349025107e-01
8.794153471376370268e-01 -8.473140956722560180e-01
8.806333739342264710e-01 -8.903755755699099828e-01
8.818514007308160263e-01 -8.078557179581857817e-01
8.830694275274055816e-01 -6.022326945354832262e-01
8.842874543239950258e-01 -2.951114014099031624e-01
8.855054811205845811e-01 7.277049710368316271e-02
8.867235079171741363e-01 4.445524155206920236e-01
8.879415347137636916e-01 7.537822984252011693e-01
8.891595615103531358e-01 9.345798177836508458e-01
8.903775883069426911e-01 9.349188240551400408e-01
8.915956151035322463e-01 7.316220125388530615e-01
8.928136419001218016e-01 3.444465327692062817e-01
8.940316686967112458e-01 -1.548754627852231835e-01
8.952496954933008011e-01 -6.443700360052729836e-01
8.964677222898903564e-01 -9.711010743463303063e-01
8.976857490864798006e-01 -9.935966032647968182e-01
8.989037758830693559e-01 -6.464184457094545033e-01
9.001218026796589111e-01 -9.700810067801048445e-03
9.013398294762484664e-01 6.599544850646529293e-01
9.025578562728379106e-01 1.002015372665298276e+00
9.037758830694274659e-01 7.626703816023719940e-01
9.049939098660170211e-01 4.767782710210738406e-02
9.062119366626065764e-01 -6.404475752663413290e-01
9.074299634591960206e-01 -7.659598113006960141e-01
9.086479902557855759e-01 -2.696851714211744855e-01
9.098660170523751312e-01 3.463507863570969847e-01
9.110840438489645754e-01 5.252590156207845862e-01
9.123020706455541307e-01 2.008196395146871482e-01
9.135200974421436859e-01 -2.143139549435281455e-01
9.147381242387332412e-01 -3.173766937440889446e-01
9.159561510353226854e-01 -9.849669845601256857e-02
9.171741778319122407e-01 1.466924189778139320e-01
9.183922046285017959e-01 1.804248910065458511e-01
9.196102314250913512e-01 3.454884183264463060e-02
9.208282582216807954e-01 -9.790886863258881079e-02
9.220462850182703507e-01 -9.587169138876780461e-02
9.232643118148599060e-01 -3.801720716269509168e-03
9.244823386114493502e-01 6.265848755846419038e-02
9.257003654080389055e-01 4.901135770197433128e-02
9.269183922046284607e-01 -6.224682940025921297e-03
9.281364190012180160e-01 -3.765481063791957517e-02
9.293544457978074602e-01 -2.322663924638104435e-02
9.305724725943970155e-01 8.751708949650285896e-03
9.317904993909865707e-01 2.238372421087049882e-02
9.330085261875761260e-01 1.065430522784444230e-02
9.342265529841655702e-01 -7.104512428260099585e-03
9.354445797807551255e-01 -1.209714894709929510e-02
9.366626065773446808e-01 -3.802192750800358328e-03
9.378806333739341250e-01 5.528158927036661008e-03
9.390986601705236803e-01 6.732905098460226917e-03
9.403166869671132355e-01 1.386036539518119629e-03
9.415347137637027908e-01 -3.289907155229498861e-03
9.427527405602922350e-01 -3.130976570411112599e-03
9.439707673568817903e-01 8.257344269217979952e-05
9.451887941534713455e-01 2.302411403554204244e-03
9.464068209500609008e-01 1.777297796082406107e-03
9.476248477466503450e-01 -7.616792561322619350e-05
9.488428745432399003e-01 -1.074053883699145270e-03
9.500609013398294556e-01 -5.804555527794396383e-04
9.512789281364188998e-01 4.185637205359866130e-04
9.524969549330084551e-01 8.007903292847643947e-04
9.537149817295980103e-01 4.167806106934756651e-04
9.549330085261875656e-01 -1.072483645610915475e-04
9.561510353227770098e-01 -2.342470974964344914e-04
9.573690621193665651e-01 9.135824986946710572e-06
9.585870889159561203e-01 2.591436925493971520e-04
9.598051157125456756e-01 2.760685373712758683e-04
9.610231425091351198e-01 1.228153479579458180e-04
9.622411693057246751e-01 -2.483444548496943684e-06
9.634591961023142304e-01 9.657012238457785058e-07
9.646772228989036746e-01 7.802027884131783526e-05
9.658952496954932299e-01 1.254118964014958601e-04
9.671132764920827851e-01 1.057140035011979324e-04
9.683313032886723404e-01 5.788529242051764938e-05
9.695493300852617846e-01 3.217160839557372132e-05
9.707673568818513399e-01 3.908034216408878863e-05
9.719853836784408951e-01 5.518424375901208562e-05
9.732034104750304504e-01 5.827304145712940549e-05
9.744214372716198946e-01 4.732691254895386940e-05
9.756394640682094499e-01 3.485589233241855202e-05
9.768574908647990052e-01 2.981503303798483195e-05
9.780755176613884494e-01 3.068560193428900869e-05
9.792935444579780047e-01 3.110701639981606749e-05
9.805115712545675599e-01 2.779199569179683331e-05
9.817295980511571152e-01 2.235912584311630332e-05
9.829476248477465594e-01 1.783248265925396232e-05
9.841656516443361147e-01 1.529706925317212196e-05
9.853836784409256699e-01 1.376434175510577285e-05
9.866017052375152252e-01 1.201871065251178483e-05
9.878197320341046694e-01 9.847465456535548653e-06
9.890377588306942247e-01 7.745719523781306580e-06
9.902557856272837800e-01 6.080658959011363752e-06
9.914738124238732242e-01 4.790410762214190688e-06
9.926918392204627795e-01 3.659953447448936260e-06
9.939098660170523347e-01 2.607522642057066086e-06
9.951278928136418900e-01 1.685081295098429448e-06
9.963459196102313342e-01 9.505498675534636020e-07
9.975639464068208895e-01 4.215398260907570447e-07
9.987819732034104447e-01 1.037474350856278036e-07
1.000000000000000000e+00 0.000000000000000000e+00
