0.000000000000000000e+00 -1.588186776101813136e-22
1.164144353899883560e-03 -3.634496904802329393e-06
2.328288707799767120e-03 -1.742574231545712945e-05
3.492433061699650679e-03 -4.311481330404357232e-05
4.656577415599534239e-03 -8.136897625023971684e-05
5.820721769499418233e-03 -1.313370649971810650e-04
6.984866123399301359e-03 -1.921748662495455988e-04
8.149010477299184485e-03 -2.638514943051011963e-04
9.313154831199068479e-03 -3.481207634180893181e-04
1.047729918509895247e-02 -4.489425113554776272e-04
1.164144353899883647e-02 -5.721761326814416579e-04
1.280558789289871872e-02 -7.245341368725352095e-04
1.396973224679860272e-02 -9.118096245529851455e-04
1.513387660069848671e-02 -1.136794878431194970e-03
1.629802095459836897e-02 -1.397357016007422280e-03
1.746216530849825296e-02 -1.685248565709545916e-03
1.862630966239813696e-02 -1.986109687727555251e-03
1.979045401629802095e-02 -2.280873017545325104e-03
2.095459837019790494e-02 -2.548415757828846172e-03
2.211874272409778894e-02 -2.768926200711980135e-03
2.328288707799767293e-02 -2.927169793254451573e-03
2.444703143189755346e-02 -3.014755426576576185e-03
2.561117578579743745e-02 -3.030669271660234396e-03
2.677532013969732144e-02 -2.979745529760017761e-03
2.793946449359720544e-02 -2.869291662055540107e-03
2.910360884749708943e-02 -2.704636459897814121e-03
3.026775320139697342e-02 -2.484763114585410246e-03
3.143189755529685742e-02 -2.199297505468366613e-03
3.259604190919673794e-02 -1.827887805963147178e-03
3.376018626309662540e-02 -1.342473577894777882e-03
3.492433061699650593e-02 -7.122291782487078816e-04
3.608847497089639339e-02 8.973640584979192052e-05
3.725261932479627391e-02 1.079341066533851066e-03
3.841676367869615444e-02 2.255724801523176573e-03
3.958090803259604190e-02 3.598010787758204598e-03
4.074505238649592243e-02 5.065389537813561917e-03
4.190919674039580989e-02 6.600528167985264191e-03
4.307334109429569041e-02 8.135575626948691672e-03
4.423748544819557788e-02 9.599522090492773954e-03
4.540162980209545840e-02 1.092550394984326267e-02
4.656577415599534586e-02 1.205684797829944220e-02
4.772991850989522639e-02 1.295113315955415123e-02
4.889406286379510691e-02 1.358214979020575496e-02
5.005820721769499437e-02 1.394016000858844251e-02
5.122235157159487490e-02 1.403115473045255489e-02
5.238649592549476236e-02 1.387578774398048713e-02
5.355064027939464288e-02 1.350838460564176072e-02
5.471478463329453035e-02 1.297600163021486210e-02
5.587892898719441087e-02 1.233712614275175694e-02
5.704307334109429140e-02 1.165942602446863943e-02
5.820721769499417886e-02 1.101606395059291817e-02
5.937136204889405938e-02 1.048047134296305194e-02
6.053550640279394685e-02 1.012000521200573551e-02
6.169965075669382737e-02 9.989398287986282418e-03
6.286379511059371483e-02 1.012516920963982964e-02
6.402793946449360230e-02 1.054206401189434344e-02
6.519208381839347588e-02 1.123215010189283596e-02
6.635622817229336334e-02 1.216650609953171328e-02
6.752037252619325081e-02 1.329876726115683180e-02
6.868451688009312439e-02 1.456934258155657101e-02
6.984866123399301185e-02 1.590909937725749554e-02
7.101280558789289932e-02 1.724176163056238484e-02
7.217694994179278678e-02 1.848506782043789209e-02
7.334109429569266037e-02 1.955161349047760885e-02
7.450523864959254783e-02 2.035092354019485753e-02
7.566938300349243529e-02 2.079435873339745972e-02
7.683352735739230888e-02 2.080381077086019756e-02
7.799767171129219634e-02 2.032385788037868041e-02
7.916181606519208380e-02 1.933545321908106476e-02
8.032596041909197127e-02 1.786778816253714944e-02
8.149010477299184485e-02 1.600423933826022188e-02
8.265424912689173231e-02 1.387867797465140718e-02
8.381839348079161978e-02 1.166002974813960466e-02
8.498253783469149336e-02 9.525605884541803875e-03
8.614668218859138082e-02 7.626821614095662116e-03
8.731082654249126829e-02 6.053686923179194511e-03
8.847497089639115575e-02 4.806074218409167945e-03
8.963911525029102934e-02 3.779611001379465981e-03
9.080325960419091680e-02 2.771881619220281298e-03
9.196740395809080426e-02 1.510726261413226565e-03
9.313154831199069172e-02 -2.984369507848460504e-04
9.429569266589056531e-02 -2.914067037915606204e-03
9.545983701979045277e-02 -6.499940245723260374e-03
9.662398137369034024e-02 -1.107891110407779010e-02
9.778812572759021382e-02 -1.650970589626395146e-02
9.895227008149010128e-02 -2.249325567878432408e-02
1.001164144353899887e-01 -2.860911194656892698e-02
1.012805587892898762e-01 -3.437606551650703585e-02
1.024447031431897498e-01 -3.932569216539757301e-02
1.036088474970896373e-01 -4.307448340998119157e-02
1.047729918509895247e-01 -4.538028491579729901e-02
1.059371362048893983e-01 -4.617203050615554388e-02
1.071012805587892858e-01 -4.554753226605931515e-02
1.082654249126891732e-01 -4.374105570707178398e-02
1.094295692665890607e-01 -4.106895339291504604e-02
1.105937136204889343e-01 -3.786621341486903769e-02
1.117578579743888217e-01 -3.442832367638914287e-02
1.129220023282887092e-01 -3.097100930934675034e-02
1.140861466821885828e-01 -2.761564080540899677e-02
1.152502910360884703e-01 -2.440159921982255550e-02
1.164144353899883577e-01 -2.132023705979178840e-02
1.175785797438882452e-01 -1.835983986949413921e-02
1.187427240977881188e-01 -1.554859082528575395e-02
1.199068684516880062e-01 -1.298312597935305859e-02
1.210710128055878937e-01 -1.083445843542322172e-02
1.222351571594877673e-01 -9.328287680610765006e-03
1.233993015133876547e-01 -8.704232111361238922e-03
1.245634458672875422e-01 -9.162399185368045457e-03
1.257275902211874297e-01 -1.081204703760424955e-02
1.268917345750873171e-01 -1.363488073697826687e-02
1.280558789289872046e-01 -1.746589564233603370e-02
1.292200232828870643e-01 -2.200452549447814640e-02
1.303841676367869518e-01 -2.685106328062540279e-02
1.315483119906868392e-01 -3.156006037983506013e-02
1.327124563445867267e-01 -3.570193583296286943e-02
1.338766006984866141e-01 -3.891976045180838700e-02
1.350407450523865016e-01 -4.097109384343381594e-02
1.362048894062863891e-01 -4.174739740072076766e-02
1.373690337601862488e-01 -4.126913864327441672e-02
1.385331781140861362e-01 -3.965958504266435536e-02
1.396973224679860237e-01 -3.710468709320014630e-02
1.408614668218859112e-01 -3.380875515256963337e-02
1.420256111757857986e-01 -2.995574710924597123e-02
1.431897555296856861e-01 -2.568388297315109259e-02
1.443538998835855736e-01 -2.107763452842889573e-02
1.455180442374854333e-01 -1.617680346582700546e-02
1.466821885913853207e-01 -1.099842162065056347e-02
1.478463329452852082e-01 -5.564456011563331632e-03
1.490104772991850957e-01 7.267095641298272678e-05
1.501746216530849831e-01 5.813810366785701622e-03
1.513387660069848706e-01 1.151061615315823912e-02
1.525029103608847580e-01 1.697797001471251788e-02
1.536670547147846178e-01 2.201881163053127574e-02
1.548311990686845052e-01 2.645596595173186141e-02
1.559953434225843927e-01 3.016391597954821979e-02
1.571594877764842801e-01 3.309340159430003425e-02
1.583236321303841676e-01 3.528318451339079731e-02
1.594877764842840551e-01 3.685594316442358798e-02
1.606519208381839425e-01 3.799846770754740366e-02
1.618160651920838022e-01 3.892944803117593527e-02
1.629802095459836897e-01 3.986057325321242656e-02
1.641443538998835772e-01 4.095794647277788830e-02
1.653084982537834646e-01 4.231076163352583130e-02
1.664726426076833521e-01 4.391285094927507154e-02
1.676367869615832396e-01 4.566038400824191240e-02
1.688009313154831270e-01 4.736613886843572818e-02
1.699650756693829867e-01 4.878789797577526288e-02
1.711292200232828742e-01 4.966614998345763449e-02
1.722933643771827616e-01 4.976479675542689468e-02
1.734575087310826491e-01 4.890819913152956444e-02
1.746216530849825366e-01 4.700867420222717280e-02
1.757857974388824240e-01 4.408031552356427712e-02
1.769499417927823115e-01 4.023741952087074580e-02
1.781140861466821712e-01 3.567843602401362529e-02
1.792782305005820587e-01 3.065875690312743970e-02
1.804423748544819461e-01 2.545739893106770818e-02
1.816065192083818336e-01 2.034342760213997056e-02
1.827706635622817211e-01 1.554768079158914268e-02
1.839348079161816085e-01 1.124405430785576677e-02
1.850989522700814960e-01 7.542562918671420237e-03
1.862630966239813834e-01 4.493992037493745560e-03
1.874272409778812432e-01 2.103679897292291476e-03
1.885913853317811306e-01 3.502711282830338617e-04
1.897555296856810181e-01 -7.954975006268693227e-04
1.909196740395809055e-01 -1.356622120092143514e-03
1.920838183934807930e-01 -1.343603286605768920e-03
1.932479627473806805e-01 -7.574633045751767062e-04
1.944121071012805679e-01 3.990128208396801564e-04
1.955762514551804276e-01 2.104926897647611209e-03
1.967403958090803151e-01 4.304310117833472574e-03
1.979045401629802026e-01 6.893419671437858026e-03
1.990686845168800900e-01 9.716376602836541629e-03
2.002328288707799775e-01 1.257147770742931235e-02
2.013969732246798650e-01 1.522815666047709973e-02
2.025611175785797524e-01 1.745213160304393343e-02
2.037252619324796121e-01 1.903431030964178317e-02
2.048894062863794996e-01 1.981798569782287911e-02
2.060535506402793871e-01 1.971899701954616183e-02
2.072176949941792745e-01 1.873484461337058399e-02
2.083818393480791620e-01 1.694095200726157199e-02
2.095459837019790494e-01 1.447488635987643352e-02
2.107101280558789369e-01 1.151179758390574216e-02
2.118742724097787966e-01 8.236073790305895384e-03
2.130384167636786841e-01 4.814851396926353964e-03
2.142025611175785715e-01 1.378425879258414954e-03
2.153667054714784590e-01 -1.989073543712394608e-03
2.165308498253783465e-01 -5.247766324886028733e-03
2.176949941792782339e-01 -8.390422423818351752e-03
2.188591385331781214e-01 -1.142486874286968018e-02
2.200232828870779811e-01 -1.435531519534081514e-02
2.211874272409778686e-01 -1.716758554978601442e-02
2.223515715948777560e-01 -1.982214808832709341e-02
2.235157159487776435e-01 -2.225685344869030718e-02
2.246798603026775309e-01 -2.439886478789603588e-02
2.258440046565774184e-01 -2.618296487670968703e-02
2.270081490104773059e-01 -2.757176931375771023e-02
2.281722933643771656e-01 -2.857273896623119952e-02
2.293364377182770530e-01 -2.924741234918135438e-02
2.305005820721769405e-01 -2.970985627614155730e-02
2.316647264260768280e-01 -3.011361811689144616e-02
2.328288707799767154e-01 -3.062896185219545972e-02
2.339930151338766029e-01 -3.141434686859528175e-02
2.351571594877764904e-01 -3.258749924032999096e-02
2.363213038416763501e-01 -3.420173440009027094e-02
2.374854481955762375e-01 -3.623234822330053534e-02
2.386495925494761250e-01 -3.857606739694822290e-02
2.398137369033760125e-01 -4.106410392330728243e-02
2.409778812572758999e-01 -4.348677783259326246e-02
2.421420256111757874e-01 -4.562546396165208934e-02
2.433061699650756748e-01 -4.728621262337662917e-02
2.444703143189755346e-01 -4.832906003627590596e-02
2.456344586728754220e-01 -4.868784327771831510e-02
2.467986030267753095e-01 -4.837710919294011674e-02
2.479627473806751969e-01 -4.748511444635723083e-02
2.491268917345750844e-01 -4.615449270682683847e-02
2.502910360884749719e-01 -4.455442116915594303e-02
2.514551804423748593e-01 -4.284962027953873043e-02
2.526193247962747468e-01 -4.117197964034736979e-02
2.537834691501746343e-01 -3.959993196235720575e-02
2.549476135040745217e-01 -3.814902828033497895e-02
2.561117578579744092e-01 -3.677483328718306882e-02
2.572759022118742411e-01 -3.538673055800184430e-02
2.584400465657741286e-01 -3.386902425071862399e-02
2.596041909196740161e-01 -3.210431327142052732e-02
2.607683352735739035e-01 -2.999381033990509982e-02
2.619324796274737910e-01 -2.747017113082382903e-02
2.630966239813736784e-01 -2.450032091753986604e-02
2.642607683352735659e-01 -2.107831634118239456e-02
2.654249126891734534e-01 -1.721089495426954621e-02
2.665890570430733408e-01 -1.290043442044554699e-02
2.677532013969732283e-01 -8.131042051391760422e-03
2.689173457508731158e-01 -2.863110184872320017e-03
2.700814901047730032e-01 2.960110861346264451e-03
2.712456344586728907e-01 9.393241356975313983e-03
2.724097788125727782e-01 1.645948673045226351e-02
2.735739231664726101e-01 2.411712277122308318e-02
2.747380675203724976e-01 3.222960594652930777e-02
2.759022118742723850e-01 4.054760951709898004e-02
2.770663562281722725e-01 4.870983886986061939e-02
2.782305005820721600e-01 5.626628172194102218e-02
2.793946449359720474e-01 6.272315695441191274e-02
2.805587892898719349e-01 6.760411445588442036e-02
2.817229336437718223e-01 7.051822459399173515e-02
2.828870779976717098e-01 7.122291803836916513e-02
2.840512223515715973e-01 6.966993582945564534e-02
2.852153667054714847e-01 6.602470597378110040e-02
2.863795110593713722e-01 6.065402735020432312e-02
2.875436554132712597e-01 5.408268502012182621e-02
2.887077997671711471e-01 4.692549485032965900e-02
2.898719441210709791e-01 3.980605402542583549e-02
2.910360884749708665e-01 3.327612423249966256e-02
2.922002328288707540e-01 2.774949150978935075e-02
2.933643771827706415e-01 2.346130235240532005e-02
2.945285215366705289e-01 2.045883769204845729e-02
2.956926658905704164e-01 1.862350515002721488e-02
2.968568102444703039e-01 1.771781168098222892e-02
2.980209545983701913e-01 1.744649675503508537e-02
2.991850989522700788e-01 1.751881610853973925e-02
3.003492433061699662e-01 1.769959035817397081e-02
3.015133876600698537e-01 1.783986651151968708e-02
3.026775320139697412e-01 1.788310064064969201e-02
3.038416763678696286e-01 1.784847810773742757e-02
3.050058207217695161e-01 1.779804270948278158e-02
3.061699650756694036e-01 1.779758438245044108e-02
3.073341094295692355e-01 1.788204668814545248e-02
3.084982537834691230e-01 1.803445595414455288e-02
3.096623981373690104e-01 1.818353847756349131e-02
3.108265424912688979e-01 1.822024693779579832e-02
3.119906868451687854e-01 1.802856377105479385e-02
3.131548311990686728e-01 1.752233736805806907e-02
3.143189755529685603e-01 1.667836495321587537e-02
3.154831199068684477e-01 1.555678369495626552e-02
3.166472642607683352e-01 1.430281780223905189e-02
3.178114086146682227e-01 1.312830648834297474e-02
3.189755529685681101e-01 1.227615201057626927e-02
3.201396973224679976e-01 1.197477595984121172e-02
3.213038416763678851e-01 1.239196479623038902e-02
3.224679860302677725e-01 1.359764467178974784e-02
3.236321303841676045e-01 1.554318221256479997e-02
3.247962747380674919e-01 1.806127383648930065e-02
3.259604190919673794e-01 2.088621219026457615e-02
3.271245634458672669e-01 2.369027965464588423e-02
3.282887077997671543e-01 2.612908230974444676e-02
3.294528521536670418e-01 2.788736739697519201e-02
3.306169965075669293e-01 2.871741433900518864e-02
3.317811408614668167e-01 2.846418707638159046e-02
3.329452852153667042e-01 2.707449414647827152e-02
3.341094295692665916e-01 2.459067447782069260e-02
3.352735739231664791e-01 2.113209355191897343e-02
3.364377182770663666e-01 1.686947326825842530e-02
3.376018626309662540e-01 1.199756201329137996e-02
3.387660069848661415e-01 6.710965154911465759e-03
3.399301513387659734e-01 1.186438478077159403e-03
3.410942956926658609e-01 -4.426929474138341890e-03
3.422584400465657484e-01 -1.000998492501488542e-02
3.434225844004656358e-01 -1.546986628951218905e-02
3.445867287543655233e-01 -2.073276474407434108e-02
3.457508731082654108e-01 -2.573547472737956407e-02
3.469150174621652982e-01 -3.041776607740921332e-02
3.480791618160651857e-01 -3.471705487791239275e-02
3.492433061699650731e-01 -3.856629450785533514e-02
3.504074505238649606e-01 -4.189555681730754849e-02
3.515715948777648481e-01 -4.463741829675667988e-02
3.527357392316647355e-01 -4.673591652676371833e-02
3.538998835855646230e-01 -4.815838716916510942e-02
3.550640279394645105e-01 -4.890887408214525389e-02
3.562281722933643424e-01 -4.904107637629873118e-02
3.573923166472642299e-01 -4.866813043913424675e-02
3.585564610011641173e-01 -4.796618166942017564e-02
3.597206053550640048e-01 -4.716894475198828152e-02
3.608847497089638923e-01 -4.655145291235843891e-02
3.620488940628637797e-01 -4.640294325140295606e-02
3.632130384167636672e-01 -4.699107769363643911e-02
3.643771827706635547e-01 -4.852201156469078402e-02
3.655413271245634421e-01 -5.110263003754633021e-02
3.667054714784633296e-01 -5.471203167906717874e-02
3.678696158323632170e-01 -5.918867610558076892e-02
3.690337601862631045e-01 -6.423745724016588499e-02
3.701979045401629920e-01 -6.945760382736909655e-02
3.713620488940628794e-01 -7.438836598606865524e-02
3.725261932479627669e-01 -7.856575436705412474e-02
3.736903376018625988e-01 -8.158101563683171908e-02
3.748544819557624863e-01 -8.313072715160879644e-02
3.760186263096623738e-01 -8.304967999772905340e-02
3.771827706635622612e-01 -8.132092850707026144e-02
3.783469150174621487e-01 -7.806189012746266032e-02
3.795110593713620362e-01 -7.349021923427137559e-02
3.806752037252619236e-01 -6.787726696891210887e-02
3.818393480791618111e-01 -6.149932532985577516e-02
3.830034924330616986e-01 -5.459695553076199942e-02
3.841676367869615860e-01 -4.735045957896280577e-02
3.853317811408614735e-01 -3.987546681806516946e-02
3.864959254947613609e-01 -3.223762239802562685e-02
3.876600698486612484e-01 -2.448066544547167211e-02
3.888242142025611359e-01 -1.665890786953829958e-02
3.899883585564609678e-01 -8.864083561142876988e-03
3.911525029103608553e-01 -1.238017342035810809e-03
3.923166472642607427e-01 6.033760029091099313e-03
3.934807916181606302e-01 1.274731572433728151e-02
3.946449359720605177e-01 1.871926985106125638e-02
3.958090803259604051e-01 2.383014095707347568e-02
3.969732246798602926e-01 2.806098280752767488e-02
3.981373690337601801e-01 3.151304498221969841e-02
3.993015133876600675e-01 3.440357695325893528e-02
4.004656577415599550e-01 3.703610894059780612e-02
4.016298020954598424e-01 3.974940481597367264e-02
4.027939464493597299e-01 4.285443800744632992e-02
4.039580908032596174e-01 4.657197642637909973e-02
4.051222351571595048e-01 5.098388811160806111e-02
4.062863795110593368e-01 5.600891841338079963e-02
4.074505238649592243e-01 6.140891991232008684e-02
4.086146682188591117e-01 6.682536169011109306e-02
4.097788125727589992e-01 7.183974042196472620e-02
4.109429569266588866e-01 7.604660507073245090e-02
4.121071012805587741e-01 7.912533846281255556e-02
4.132712456344586616e-01 8.089713698888757742e-02
4.144353899883585490e-01 8.135668703053525186e-02
4.155995343422584365e-01 8.067315306373459838e-02
4.167636786961583240e-01 7.916114425328563131e-02
4.179278230500582114e-01 7.722802683619865716e-02
4.190919674039580989e-01 7.530813541144093515e-02
4.202561117578579863e-01 7.379631605029353392e-02
4.214202561117578738e-01 7.299254360273794984e-02
4.225844004656577058e-01 7.306638857118001595e-02
4.237485448195575932e-01 7.404562369442370395e-02
4.249126891734574807e-01 7.582828837348185025e-02
4.260768335273573681e-01 7.821313468685581194e-02
4.272409778812572556e-01 8.094042677387502938e-02
4.284051222351571431e-01 8.373404756638092028e-02
4.295692665890570305e-01 8.633682256171704150e-02
4.307334109429569180e-01 8.853351234413223136e-02
4.318975552968568055e-01 9.015935788356911618e-02
4.330616996507566929e-01 9.109555705443464491e-02
4.342258440046565804e-01 9.125583843440399079e-02
4.353899883585564679e-01 9.056983255702708013e-02
4.365541327124563553e-01 8.896899738563182614e-02
4.377182770663562428e-01 8.637955385861362245e-02
4.388824214202560747e-01 8.272463739041316377e-02
4.400465657741559622e-01 7.793525572913012622e-02
4.412107101280558497e-01 7.196727997406832111e-02
4.423748544819557371e-01 6.482009925349591084e-02
4.435389988358556246e-01 5.655205204915383227e-02
4.447031431897555120e-01 4.728836635396178878e-02
4.458672875436553995e-01 3.721890894187122878e-02
4.470314318975552870e-01 2.658518531046234756e-02
4.481955762514551744e-01 1.565827369564585375e-02
4.493597206053550619e-01 4.711251752222168736e-03
4.505238649592549494e-01 -6.009186306259401214e-03
4.516880093131548368e-01 -1.630702691189473905e-02
4.528521536670547243e-01 -2.605301079982640794e-02
4.540162980209546117e-01 -3.518988603057959796e-02
4.551804423748544992e-01 -4.372625393106929076e-02
4.563445867287543312e-01 -5.172051028409054702e-02
4.575087310826542186e-01 -5.925815568035429359e-02
4.586728754365541061e-01 -6.642687587773608848e-02
4.598370197904539936e-01 -7.329407286561832879e-02
4.610011641443538810e-01 -7.989091704871442712e-02
4.621653084982537685e-01 -8.620561339961677061e-02
4.633294528521536559e-01 -9.218669621221162180e-02
4.644935972060535434e-01 -9.775515102978268867e-02
4.656577415599534309e-01 -1.028224015740449998e-01
4.668218859138533183e-01 -1.073100440322051902e-01
4.679860302677532058e-01 -1.111668991422618130e-01
4.691501746216530933e-01 -1.143795602295613195e-01
4.703143189755529807e-01 -1.169740350152574798e-01
4.714784633294528682e-01 -1.190080330495301986e-01
4.726426076833527001e-01 -1.205555407213515229e-01
4.738067520372525876e-01 -1.216871101521410231e-01
4.749708963911524751e-01 -1.224503726553043403e-01
4.761350407450523625e-01 -1.228554116594491874e-01
4.772991850989522500e-01 -1.228687306424643133e-01
4.784633294528521374e-01 -1.224177854796525827e-01
4.796274738067520249e-01 -1.214057708401922037e-01
4.807916181606519124e-01 -1.197340377445712534e-01
4.819557625145517998e-01 -1.173276818971251967e-01
4.831199068684516873e-01 -1.141589028013641899e-01
4.842840512223515748e-01 -1.102629320705753729e-01
4.854481955762514622e-01 -1.057426624141928062e-01
4.866123399301513497e-01 -1.007603217980332921e-01
4.877764842840512372e-01 -9.551717314683191851e-02
4.889406286379510691e-01 -9.022471593592207295e-02
4.901047729918509566e-01 -8.507267747312122208e-02
4.912689173457508440e-01 -8.019980503039673969e-02
4.924330616996507315e-01 -7.567293633846865208e-02
4.935972060535506190e-01 -7.147814288894405177e-02
4.947613504074505064e-01 -6.752527135043905060e-02
4.959254947613503939e-01 -6.366449276500764365e-02
4.970896391152502813e-01 -5.971110206502720091e-02
4.982537834691501688e-01 -5.547330787257073736e-02
4.994179278230500563e-01 -5.077743451470879965e-02
5.005820721769499437e-01 -4.548587620232789897e-02
5.017462165308498312e-01 -3.950506933895903822e-02
5.029103608847497187e-01 -3.278322835739155144e-02
5.040745052386496061e-01 -2.530004678726790676e-02
5.052386495925494936e-01 -1.705243188881402916e-02
5.064027939464493810e-01 -8.041190405305738767e-03
5.075669383003492685e-01 1.736777861774966170e-03
5.087310826542491560e-01 1.228770822913358152e-02
5.098952270081490434e-01 2.361082114594611342e-02
5.110593713620489309e-01 3.568052915145630138e-02
5.122235157159488184e-01 4.842495402338406474e-02
5.133876600698485948e-01 6.170609459321332174e-02
5.145518044237484823e-01 7.530720778028354712e-02
5.157159487776483697e-01 8.893193960842957213e-02
5.168800931315482572e-01 1.022176546787565560e-01
5.180442374854481447e-01 1.147626745573051693e-01
5.192083818393480321e-01 1.261643003969739329e-01
5.203725261932479196e-01 1.360621404628390707e-01
5.215366705471478070e-01 1.441798741411411955e-01
5.227008149010476945e-01 1.503584565697267672e-01
5.238649592549475820e-01 1.545749524087204896e-01
5.250291036088474694e-01 1.569434800183079626e-01
5.261932479627473569e-01 1.576977324739553821e-01
5.273573923166472444e-01 1.571576714594058177e-01
5.285215366705471318e-01 1.556856877163892983e-01
5.296856810244470193e-01 1.536392896321047696e-01
5.308498253783469067e-01 1.513278920012580686e-01
5.320139697322467942e-01 1.489804323204657333e-01
5.331781140861466817e-01 1.467284930830161094e-01
5.343422584400465691e-01 1.446067292841846097e-01
5.355064027939464566e-01 1.425692218131774380e-01
5.366705471478463441e-01 1.405174930629130847e-01
5.378346915017462315e-01 1.383338784000780197e-01
5.389988358556461190e-01 1.359131441726771916e-01
5.401629802095460064e-01 1.331858485000163850e-01
5.413271245634458939e-01 1.301288541467617021e-01
5.424912689173457814e-01 1.267612610670610651e-01
5.436554132712456688e-01 1.231272659190217056e-01
5.448195576251455563e-01 1.192704147112020330e-01
5.459837019790454438e-01 1.152057614937167934e-01
5.471478463329452202e-01 1.108971124039503098e-01
5.483119906868451077e-01 1.062456226307151586e-01
5.494761350407449951e-01 1.010936547944950858e-01
5.506402793946448826e-01 9.524445242616517981e-02
5.518044237485447701e-01 8.849452603496774095e-02
5.529685681024446575e-01 8.067249192873854335e-02
5.541327124563445450e-01 7.167618113401008628e-02
5.552968568102444324e-01 6.149965008607721079e-02
5.564610011641443199e-01 5.024341783677890166e-02
5.576251455180442074e-01 3.810455196252318655e-02
5.587892898719440948e-01 2.534747304992203062e-02
5.599534342258439823e-01 1.226063788485688005e-02
5.611175785797438698e-01 -8.923740503783866070e-04
5.622817229336437572e-01 -1.391721702096534140e-02
5.634458672875436447e-01 -2.671898573161995277e-02
5.646100116414435321e-01 -3.931140633108787252e-02
5.657741559953434196e-01 -5.180251493159181153e-02
5.669383003492433071e-01 -6.435941299318669040e-02
5.681024447031431945e-01 -7.715936125253114453e-02
5.692665890570430820e-01 -9.033765111320274377e-02
5.704307334109429695e-01 -1.039435983363681676e-01
5.715948777648428569e-01 -1.179143620957958938e-01
5.727590221187427444e-01 -1.320724108996329249e-01
5.739231664726426319e-01 -1.461471765375455534e-01
5.750873108265425193e-01 -1.598159518391810974e-01
5.762514551804424068e-01 -1.727546728395127351e-01
5.774155995343422942e-01 -1.846869373286123273e-01
5.785797438882421817e-01 -1.954200295057448022e-01
5.797438882421419581e-01 -2.048597962636324599e-01
5.809080325960418456e-01 -2.130012730497063966e-01
5.820721769499417331e-01 -2.198978187400532913e-01
5.832363213038416205e-01 -2.256168037802203652e-01
5.844004656577415080e-01 -2.301933271315818874e-01
5.855646100116413955e-01 -2.335941557356892018e-01
5.867287543655412829e-01 -2.357018575387056780e-01
5.878928987194411704e-01 -2.363244064163278202e-01
5.890570430733410578e-01 -2.352294437896078616e-01
5.902211874272409453e-01 -2.321963091826486081e-01
5.913853317811408328e-01 -2.270743409879086017e-01
5.925494761350407202e-01 -2.198339158052173559e-01
5.937136204889406077e-01 -2.105977637125600044e-01
5.948777648428404952e-01 -1.996440695557433753e-01
5.960419091967403826e-01 -1.873788689729117829e-01
5.972060535506402701e-01 -1.742819191352300290e-01
5.983701979045401576e-01 -1.608360566795799251e-01
5.995343422584400450e-01 -1.474537333554145901e-01
6.006984866123399325e-01 -1.344151288985082349e-01
6.018626309662398199e-01 -1.218298509743399177e-01
6.030267753201397074e-01 -1.096293188527916879e-01
6.041909196740395949e-01 -9.759062386545716561e-02
6.053550640279394823e-01 -8.538638141928735215e-02
6.065192083818393698e-01 -7.265019989923687804e-02
6.076833527357392573e-01 -5.904488969454509822e-02
6.088474970896391447e-01 -4.432083834859307236e-02
6.100116414435390322e-01 -2.835485166361792139e-02
6.111757857974389196e-01 -1.116440744812750158e-02
6.123399301513388071e-01 7.102456668278467333e-03
6.135040745052385835e-01 2.619670080626243167e-02
6.146682188591384710e-01 4.580921713889166136e-02
6.158323632130383585e-01 6.561400858304515527e-02
6.169965075669382459e-01 8.530549932629424847e-02
6.181606519208381334e-01 1.046244777844081431e-01
6.193247962747380209e-01 1.233705629576550139e-01
6.204889406286379083e-01 1.414023429394608844e-01
6.216530849825377958e-01 1.586286936551545290e-01
6.228172293364376833e-01 1.749958059089179729e-01
6.239813736903375707e-01 1.904740946549382530e-01
6.251455180442374582e-01 2.050477736553614483e-01
6.263096623981373456e-01 2.187080300070609329e-01
6.274738067520372331e-01 2.314490595394868289e-01
6.286379511059371206e-01 2.432652266369614846e-01
6.298020954598370080e-01 2.541475245313824516e-01
6.309662398137368955e-01 2.640782540997517747e-01
6.321303841676367830e-01 2.730240643776847276e-01
6.332945285215366704e-01 2.809287196212269522e-01
6.344586728754365579e-01 2.877077106092670866e-01
6.356228172293364453e-01 2.932468172767577763e-01
6.367869615832363328e-01 2.974059232319035684e-01
6.379511059371362203e-01 3.000280182046671795e-01
6.391152502910361077e-01 3.009518340611256892e-01
6.402793946449359952e-01 3.000254330293262162e-01
6.414435389988358827e-01 2.971176943518452074e-01
6.426076833527357701e-01 2.921251937549346200e-01
6.437718277066356576e-01 2.849733202600599480e-01
6.449359720605355450e-01 2.756122501792320212e-01
6.461001164144353215e-01 2.640100698527508838e-01
6.472642607683352090e-01 2.501463815354962872e-01
6.484284051222350964e-01 2.340097786611832209e-01
6.495925494761349839e-01 2.156015549373493656e-01
6.507566938300348713e-01 1.949461511225943078e-01
6.519208381839347588e-01 1.721066417682345362e-01
6.530849825378346463e-01 1.472016493500273027e-01
6.542491268917345337e-01 1.204190265046978930e-01
6.554132712456344212e-01 9.202183415900241914e-02
6.565774155995343087e-01 6.234359970139954216e-02
6.577415599534341961e-01 3.177224541021900911e-02
6.589057043073340836e-01 7.248325657684237706e-04
6.600698486612339710e-01 -3.038235520489946870e-02
6.612339930151338585e-01 -6.116252136312723409e-02
6.623981373690337460e-01 -9.128008459339034819e-02
6.635622817229336334e-01 -1.204612179455476773e-01
6.647264260768335209e-01 -1.484916728515136286e-01
6.658905704307334084e-01 -1.752034943996124972e-01
6.670547147846332958e-01 -2.004550156702250008e-01
6.682188591385331833e-01 -2.241102187051463301e-01
6.693830034924330707e-01 -2.460237026629323587e-01
6.705471478463329582e-01 -2.660360326250598151e-01
6.717112922002328457e-01 -2.839814986281804510e-01
6.728754365541327331e-01 -2.997069693930606848e-01
6.740395809080326206e-01 -3.130974156197012248e-01
6.752037252619325081e-01 -3.241015883879024284e-01
6.763678696158323955e-01 -3.327508029775333442e-01
6.775320139697322830e-01 -3.391649471315019704e-01
6.786961583236321705e-01 -3.435424378514885801e-01
6.798603026775319469e-01 -3.461342804546651553e-01
6.810244470314318344e-01 -3.472058402642901886e-01
6.821885913853317218e-01 -3.469926379702997221e-01
6.833527357392316093e-01 -3.456578450898553090e-01
6.845168800931314967e-01 -3.432589399812150943e-01
6.856810244470313842e-01 -3.397293137197920365e-01
6.868451688009312717e-01 -3.348779307559712204e-01
6.880093131548311591e-01 -3.284070775764824646e-01
6.891734575087310466e-01 -3.199454164683790403e-01
6.903376018626309341e-01 -3.090915054410321994e-01
6.915017462165308215e-01 -2.954619128352736213e-01
6.926658905704307090e-01 -2.787380418837649976e-01
6.938300349243305964e-01 -2.587065640314584192e-01
6.949941792782304839e-01 -2.352896030204666422e-01
6.961583236321303714e-01 -2.085621834946763398e-01
6.973224679860302588e-01 -1.787557317030811221e-01
6.984866123399301463e-01 -1.462475162142713447e-01
6.996507566938300338e-01 -1.115369014128924502e-01
7.008149010477299212e-01 -7.521027692370299556e-02
7.019790454016298087e-01 -3.789761061232951866e-02
7.031431897555296961e-01 -2.247247455248675197e-04
7.043073341094295836e-01 3.723356471426946673e-02
7.054714784633294711e-01 7.399368056022180562e-02
7.066356228172293585e-01 1.096912532434909104e-01
7.077997671711292460e-01 1.440923268224424680e-01
7.089639115250291335e-01 1.770854865610519135e-01
7.101280558789290209e-01 2.086555846345460041e-01
7.112922002328289084e-01 2.388430233060207242e-01
7.124563445867286848e-01 2.676954301432135086e-01
7.136204889406285723e-01 2.952203125836014297e-01
7.147846332945284598e-01 3.213473743658961657e-01
7.159487776484283472e-01 3.459074291304250481e-01
7.171129220023282347e-01 3.686315143177631981e-01
7.182770663562281221e-01 3.891695701667422513e-01
7.194412107101280096e-01 4.071238648801386861e-01
7.206053550640278971e-01 4.220892313857629308e-01
7.217694994179277845e-01 4.336909372815657693e-01
7.229336437718276720e-01 4.416120058056350328e-01
7.240977881257275595e-01 4.456048510856256972e-01
7.252619324796274469e-01 4.454864542843923192e-01
7.264260768335273344e-01 4.411208826141720940e-01
7.275902211874272218e-01 4.323965355095059082e-01
7.287543655413271093e-01 4.192071042525978841e-01
7.299185098952269968e-01 4.014443574349720323e-01
7.310826542491268842e-01 3.790076652208345109e-01
7.322467986030267717e-01 3.518304338324724223e-01
7.334109429569266592e-01 3.199185697275495066e-01
7.345750873108265466e-01 2.833920968310582045e-01
7.357392316647264341e-01 2.425192472981120284e-01
7.369033760186263216e-01 1.977333286744231144e-01
7.380675203725262090e-01 1.496263030059043764e-01
7.392316647264260965e-01 9.891844208393069104e-02
7.403958090803259839e-01 4.640927629466789356e-02
7.415599534342258714e-01 -7.080206058269966456e-03
7.427240977881257589e-01 -6.076182440903032944e-02
7.438882421420256463e-01 -1.139194353303797230e-01
7.450523864959255338e-01 -1.659254101518058411e-01
7.462165308498253102e-01 -2.162325178633713874e-01
7.473806752037251977e-01 -2.643458257887026930e-01
7.485448195576250852e-01 -3.097845602057028302e-01
7.497089639115249726e-01 -3.520466120656031150e-01
7.508731082654248601e-01 -3.905877162293694971e-01
7.520372526193247475e-01 -4.248233509534070640e-01
7.532013969732246350e-01 -4.541550697028944317e-01
7.543655413271245225e-01 -4.780159286036189115e-01
7.555296856810244099e-01 -4.959237997320796731e-01
7.566938300349242974e-01 -5.075283076805918725e-01
7.578579743888241849e-01 -5.126378477970701120e-01
7.590221187427240723e-01 -5.112176247782019844e-01
7.601862630966239598e-01 -5.033568788899258628e-01
7.613504074505238473e-01 -4.892116693532226890e-01
7.625145518044237347e-01 -4.689366618428241762e-01
7.636786961583236222e-01 -4.426234330549537743e-01
7.648428405122235096e-01 -4.102626789839767252e-01
7.660069848661233971e-01 -3.717432413292074411e-01
7.671711292200232846e-01 -3.268929851718886392e-01
7.683352735739231720e-01 -2.755570821431311823e-01
7.694994179278230595e-01 -2.177004203964366114e-01
7.706635622817229470e-01 -1.535147947584923622e-01
7.718277066356228344e-01 -8.350969284209590338e-02
7.729918509895227219e-01 -8.568332598695022062e-03
7.741559953434226093e-01 7.004255504415912714e-02
7.753201396973224968e-01 1.507114958554177375e-01
7.764842840512223843e-01 2.315624747805495598e-01
7.776484284051222717e-01 3.105619829207752480e-01
7.788125727590220482e-01 3.856344197120774031e-01
7.799767171129219356e-01 4.547677299522901451e-01
7.811408614668218231e-01 5.160954404082940261e-01
7.823050058207217106e-01 5.679481861462792880e-01
7.834691501746215980e-01 6.088755478936335175e-01
7.846332945285214855e-01 6.376456554966103418e-01
7.857974388824213730e-01 6.532340610381975887e-01
7.869615832363212604e-01 6.548141261559327075e-01
7.881257275902211479e-01 6.417587742654461413e-01
7.892898719441210353e-01 6.136588818057603367e-01
7.904540162980209228e-01 5.703582376861453529e-01
7.916181606519208103e-01 5.120003428959826186e-01
7.927823050058206977e-01 4.390794486647319750e-01
7.939464493597205852e-01 3.524876067688393899e-01
7.951105937136204727e-01 2.535508945070317210e-01
7.962747380675203601e-01 1.440505848812679013e-01
7.974388824214202476e-01 2.622780286939213612e-02
7.986030267753201350e-01 -9.722782148329896235e-02
7.997671711292200225e-01 -2.232043898093679923e-01
8.009313154831199100e-01 -3.482085277829025660e-01
8.020954598370197974e-01 -4.684220559656186444e-01
8.032596041909196849e-01 -5.797775808324044933e-01
8.044237485448195724e-01 -6.780570035288810971e-01
8.055878928987194598e-01 -7.590165990781957417e-01
8.067520372526193473e-01 -8.185406053954278338e-01
8.079161816065192347e-01 -8.528225845483506928e-01
8.090803259604191222e-01 -8.585708730566790070e-01
8.102444703143190097e-01 -8.332319006420351171e-01
8.114086146682187861e-01 -7.752233661545258059e-01
8.125727590221186736e-01 -6.841680097026876517e-01
8.137369033760185610e-01 -5.611172727314627240e-01
8.149010477299184485e-01 -4.087514861750970452e-01
8.160651920838183360e-01 -2.315385638544278923e-01
8.172293364377182234e-01 -3.582643491223726218e-02
8.183934807916181109e-01 1.701632822166010139e-01
8.195576251455179984e-01 3.764792025138827825e-01
8.207217694994178858e-01 5.717621176209797262e-01
8.218859138533177733e-01 7.437786039468755606e-01
8.230500582072176607e-01 8.801820021477820832e-01
8.242142025611175482e-01 9.694865461725271638e-01
8.253783469150174357e-01 1.002200540391972483e+00
8.265424912689173231e-01 9.720199269848268653e-01
8.277066356228172106e-01 8.769424584842373527e-01
8.288707799767170981e-01 7.201346980651172069e-01
8.300349243306169855e-01 5.103786101534851793e-01
8.311990686845168730e-01 2.619484266173741638e-01
8.323632130384167604e-01 -6.175999263005799156e-03
8.335273573923166479e-01 -2.717698167644654328e-01
8.346915017462165354e-01 -5.114072548843293653e-01
8.358556461001164228e-01 -7.028953545742674391e-01
8.370197904540163103e-01 -8.278162933428814263e-01
8.381839348079161978e-01 -8.738438905224590325e-01
8.393480791618160852e-01 -8.364943460433071909e-01
8.405122235157159727e-01 -7.200202191960557441e-01
8.416763678696158602e-01 -5.372574700214258758e-01
8.428405122235157476e-01 -3.083757313239697262e-01
8.440046565774156351e-01 -5.864130864958153749e-02
8.451688009313154115e-01 1.845448071183757310e-01
8.463329452852152990e-01 3.949514641654103819e-01
8.474970896391151864e-01 5.507162479409644096e-01
8.486612339930150739e-01 6.369926781280961237e-01
8.498253783469149614e-01 6.476715822472426387e-01
8.509895227008148488e-01 5.859343587215812832e-01
8.521536670547147363e-01 4.635670188438845707e-01
8.533178114086146238e-01 2.991468164747320135e-01
8.544819557625145112e-01 1.153781426097175711e-01
8.556461001164143987e-01 -6.402550910536354556e-02
8.568102444703142861e-01 -2.174601730215603157e-01
8.579743888242141736e-01 -3.281121789778434494e-01
8.591385331781140611e-01 -3.858444467902514274e-01
8.603026775320139485e-01 -3.880649795215158071e-01
8.614668218859138360e-01 -3.395153759635962110e-01
8.626309662398137235e-01 -2.510790512213757486e-01
8.637951105937136109e-01 -1.378456212737749209e-01
8.649592549476134984e-01 -1.675943053954535855e-02
8.661233993015133859e-01 9.578469660154624588e-02
8.672875436554132733e-01 1.860580921488179940e-01
8.684516880093131608e-01 2.445582636422212464e-01
8.696158323632130482e-01 2.668494682485361147e-01
8.707799767171129357e-01 2.536379845941882927e-01
8.719441210710128232e-01 2.101529072505972096e-01
8.731082654249127106e-01 1.449876858498109211e-01
8.742724097788125981e-01 6.862379902518782326e-02
8.754365541327124856e-01 -8.136617415313218346e-03
8.766006984866123730e-01 -7.559082346475182179e-02
8.777648428405121495e-01 -1.262323538998236794e-01
8.789289871944120369e-01 -1.555242749273267888e-01
8.800931315483119244e-01 -1.621962372465720614e-01
8.812572759022118118e-01 -1.480490052560898551e-01
8.824214202561116993e-01 -1.173905778516134146e-01
8.835855646100115868e-01 -7.620712875594275182e-02
8.847497089639114742e-01 -3.121273715328499315e-02
8.859138533178113617e-01 1.109261050871346646e-02
8.870779976717112492e-01 4.523679467617082450e-02
8.882421420256111366e-01 6.737397039346786076e-02
8.894062863795110241e-01 7.561435969886996789e-02
8.905704307334109116e-01 7.007094206208790144e-02
8.917345750873107990e-01 5.264446346299870433e-02
8.928987194412106865e-01 2.659868024534048359e-02
8.940628637951105739e-01 -4.000269384938211388e-03
8.952270081490104614e-01 -3.489499123671097047e-02
8.963911525029103489e-01 -6.221306827826357522e-02
8.975552968568102363e-01 -8.293414764520291860e-02
8.987194412107101238e-01 -9.519419950577137635e-02
8.998835855646100113e-01 -9.840022607979798108e-02
9.010477299185098987e-01 -9.315798830997687463e-02
9.022118742724097862e-01 -8.104244247629917297e-02
9.033760186263096736e-01 -6.426135937321396374e-02
9.045401629802095611e-01 -4.527393609735521490e-02
9.057043073341094486e-01 -2.642669684569772665e-02
9.068684516880093360e-01 -9.659187669439473975e-03
9.080325960419092235e-01 3.685660574464223477e-03
9.091967403958091110e-01 1.293330851388047389e-02
9.103608847497089984e-01 1.803973230607207323e-02
9.115250291036087749e-01 1.946926260477545648e-02
9.126891734575086623e-01 1.802363654373760615e-02
9.138533178114085498e-01 1.465976851138892437e-02
9.150174621653084372e-01 1.032833155281831158e-02
9.161816065192083247e-01 5.854595951238792360e-03
9.173457508731082122e-01 1.870143073942674792e-03
9.185098952270080996e-01 -1.207815830330054817e-03
9.196740395809079871e-01 -3.161270505249229919e-03
9.208381839348078746e-01 -3.935930354672800488e-03
9.220023282887077620e-01 -3.600094180323820843e-03
9.231664726426076495e-01 -2.308201669508414162e-03
9.243306169965075370e-01 -2.735075123900222662e-04
9.254947613504074244e-01 2.251119802813224095e-03
9.266589057043073119e-01 4.988702837755934309e-03
9.278230500582071993e-01 7.655084790414786074e-03
9.289871944121070868e-01 9.980569443361340595e-03
9.301513387660069743e-01 1.173617632102870456e-02
9.313154831199068617e-01 1.276087528927279287e-02
9.324796274738067492e-01 1.298379623361917146e-02
9.336437718277066367e-01 1.243508627394780339e-02
9.348079161816065241e-01 1.124098314304515164e-02
9.359720605355064116e-01 9.602244752704163985e-03
9.371362048894062990e-01 7.759254787657307584e-03
9.383003492433061865e-01 5.950663107086378092e-03
9.394644935972060740e-01 4.374264476755690585e-03
9.406286379511059614e-01 3.158417588524691389e-03
9.417927823050058489e-01 2.349755055506447341e-03
9.429569266589057364e-01 1.918934354793449355e-03
9.441210710128055128e-01 1.781817680596764486e-03
9.452852153667054003e-01 1.829904389497691731e-03
9.464493597206052877e-01 1.961979290263727964e-03
9.476135040745051752e-01 2.109197739010016098e-03
9.487776484284050627e-01 2.248035448114416458e-03
9.499417927823049501e-01 2.399009131753525315e-03
9.511059371362048376e-01 2.612846559320654294e-03
9.522700814901047250e-01 2.948855202210184587e-03
9.534342258440046125e-01 3.451860830959044800e-03
9.545983701979045000e-01 4.133947634727812639e-03
9.557625145518043874e-01 4.965502998364835358e-03
9.569266589057042749e-01 5.877330952091707611e-03
9.580908032596041624e-01 6.772645288853477476e-03
9.592549476135040498e-01 7.545371181317516926e-03
9.604190919674039373e-01 8.099936597796226004e-03
9.615832363213038247e-01 8.367833342586507642e-03
9.627473806752037122e-01 8.317507189740261722e-03
9.639115250291035997e-01 7.956136765927247778e-03
9.650756693830034871e-01 7.323979271379253697e-03
9.662398137369033746e-01 6.483631545685643489e-03
9.674039580908032621e-01 5.507397127134989849e-03
9.685681024447031495e-01 4.465852623157912614e-03
9.697322467986030370e-01 3.419827334388881018e-03
9.708963911525029244e-01 2.416699409075455818e-03
9.720605355064028119e-01 1.490592822674376107e-03
9.732246798603026994e-01 6.650997119499455542e-04
9.743888242142025868e-01 -4.323295635041857779e-05
9.755529685681024743e-01 -6.222042921143046499e-04
9.767171129220023618e-01 -1.062951190912428791e-03
9.778812572759021382e-01 -1.360708764343005958e-03
9.790454016298020257e-01 -1.516695267465816618e-03
9.802095459837019131e-01 -1.540069989592119867e-03
9.813736903376018006e-01 -1.448909104377793912e-03
9.825378346915016881e-01 -1.269499706310141989e-03
9.837019790454015755e-01 -1.033816865255253849e-03
9.848661233993014630e-01 -7.756265176334825899e-04
9.860302677532013504e-01 -5.260704072474678547e-04
9.871944121071012379e-01 -3.097285352793326856e-04
9.883585564610011254e-01 -1.420068865400923364e-04
9.895227008149010128e-01 -2.832511361055990837e-05
9.906868451688009003e-01 3.486717980086125556e-05
9.918509895227007878e-01 5.767129985161879906e-05
9.930151338766006752e-01 5.351973142320269199e-05
9.941792782305005627e-01 3.605377713201953844e-05
9.953434225844004501e-01 1.643745095672425227e-05
9.965075669383003376e-01 1.956230646971277860e-06
9.976717112922002251e-01 -4.657272117374003840e-06
9.988358556461001125e-01 -4.453916013337763915e-06
1.000000000000000000e+00 -1.310964571376482156e-06
