0.000000000000000000e+00 -1.429368098491631822e-21
1.164144353899883560e-03 9.026235578400224939e-06
2.328288707799767120e-03 3.363088274258542389e-05
3.492433061699650679e-03 5.742744546463997898e-05
4.656577415599534239e-03 5.301262680041841929e-05
5.820721769499418233e-03 -9.897747581813928178e-06
6.984866123399301359e-03 -1.464284826882999351e-04
8.149010477299184485e-03 -3.427514267045852657e-04
9.313154831199068479e-03 -5.514312383083224160e-04
1.047729918509895247e-02 -7.021995485594251284e-04
1.164144353899883647e-02 -7.274860250730640207e-04
1.280558789289871872e-02 -5.953608138338853384e-04
1.396973224679860272e-02 -3.382300174457412143e-04
1.513387660069848671e-02 -6.418825367401475310e-05
1.629802095459836897e-02 5.774329631895734659e-05
1.746216530849825296e-02 -1.606723269727760803e-04
1.862630966239813696e-02 -8.672435745649869146e-04
1.979045401629802095e-02 -2.108902631810873757e-03
2.095459837019790494e-02 -3.790930213572220320e-03
2.211874272409778894e-02 -5.673026531140432267e-03
2.328288707799767293e-02 -7.409751167536253978e-03
2.444703143189755346e-02 -8.629364450493245617e-03
2.561117578579743745e-02 -9.031878838153383632e-03
2.677532013969732144e-02 -8.478617684215806333e-03
2.793946449359720544e-02 -7.045098463599106658e-03
2.910360884749708943e-02 -5.017579869223877213e-03
3.026775320139697342e-02 -2.829231295788064374e-03
3.143189755529685742e-02 -9.502004532427020533e-04
3.259604190919673794e-02 2.387797012992050945e-04
3.376018626309662540e-02 5.523414502751741641e-04
3.492433061699650593e-02 5.286516276422754777e-05
3.608847497089639339e-02 -9.694061882837922252e-04
3.725261932479627391e-02 -2.085985319071769276e-03
3.841676367869615444e-02 -2.865181373226867445e-03
3.958090803259604190e-02 -3.012792909957513234e-03
4.074505238649592243e-02 -2.474806006764486942e-03
4.190919674039580989e-02 -1.468048470634059077e-03
4.307334109429569041e-02 -4.255311813320897404e-04
4.423748544819557788e-02 1.308160606934976342e-04
4.540162980209545840e-02 -2.459021486960659224e-04
4.656577415599534586e-02 -1.775773247724100369e-03
4.772991850989522639e-02 -4.359473390666504349e-03
4.889406286379510691e-02 -7.575088725713149951e-03
5.005820721769499437e-02 -1.076779095404633430e-02
5.122235157159487490e-02 -1.320714778272762471e-02
5.238649592549476236e-02 -1.426561418333667508e-02
5.355064027939464288e-02 -1.356515340282664350e-02
5.471478463329453035e-02 -1.104967653428912989e-02
5.587892898719441087e-02 -6.966071060195686872e-03
5.704307334109429140e-02 -1.767970576192867726e-03
5.820721769499417886e-02 4.016605587881426180e-03
5.937136204889405938e-02 9.899952973481897581e-03
6.053550640279394685e-02 1.548522817238052324e-02
6.169965075669382737e-02 2.043263486886469707e-02
6.286379511059371483e-02 2.435844174409098825e-02
6.402793946449360230e-02 2.671971530633534750e-02
6.519208381839347588e-02 2.675775846155179633e-02
6.635622817229336334e-02 2.356749401829472818e-02
6.752037252619325081e-02 1.632575335542081618e-02
6.868451688009312439e-02 4.655536501909905180e-03
6.984866123399301185e-02 -1.095863945537205002e-02
7.101280558789289932e-02 -2.883685843783608330e-02
7.217694994179278678e-02 -4.599815783134590663e-02
7.334109429569266037e-02 -5.839895754660195254e-02
7.450523864959254783e-02 -6.155600234476250876e-02
7.566938300349243529e-02 -5.148901914692268628e-02
7.683352735739230888e-02 -2.580945342105056203e-02
7.799767171129219634e-02 1.529921535434594637e-02
7.916181606519208380e-02 6.848865664529697750e-02
8.032596041909197127e-02 1.272714063627710668e-01
8.149010477299184485e-02 1.827774242436048802e-01
8.265424912689173231e-02 2.251863302120244714e-01
8.381839348079161978e-02 2.456022059691008452e-01
8.498253783469149336e-02 2.379952397956542898e-01
8.614668218859138082e-02 2.007689202511069304e-01
8.731082654249126829e-02 1.375487620742174844e-01
8.847497089639115575e-02 5.693010894141729145e-02
8.963911525029102934e-02 -2.885719903037332890e-02
9.080325960419091680e-02 -1.061588269614561347e-01
9.196740395809080426e-02 -1.625511396790723373e-01
9.313154831199069172e-02 -1.893779808933208075e-01
9.429569266589056531e-02 -1.835974658841605656e-01
9.545983701979045277e-02 -1.484954697469159646e-01
9.662398137369034024e-02 -9.306338546755650587e-02
9.778812572759021382e-02 -3.013816775480212401e-02
9.895227008149010128e-02 2.630794817430984547e-02
1.001164144353899887e-01 6.413339795935561749e-02
1.012805587892898762e-01 7.558256168544383313e-02
1.024447031431897498e-01 5.884955387584093339e-02
1.036088474970896373e-01 1.829575324703169859e-02
1.047729918509895247e-01 -3.671933704275481825e-02
1.059371362048893983e-01 -9.410698090651765935e-02
1.071012805587892858e-01 -1.418707946000918041e-01
1.082654249126891732e-01 -1.708057777284197332e-01
1.094295692665890607e-01 -1.764360115000047635e-01
1.105937136204889343e-01 -1.597452271447486194e-01
1.117578579743888217e-01 -1.265564308281616479e-01
1.129220023282887092e-01 -8.575251019105960271e-02
1.140861466821885828e-01 -4.681503142686565394e-02
1.152502910360884703e-01 -1.732173906216748563e-02
1.164144353899883577e-01 -1.043288251147719446e-03
1.175785797438882452e-01 2.881878084353345099e-03
1.187427240977881188e-01 -5.000920801087424972e-04
1.199068684516880062e-01 -3.546010901654428685e-03
1.210710128055878937e-01 1.689314297135659530e-03
1.222351571594877673e-01 2.105511902275119390e-02
1.233993015133876547e-01 5.644717027054426545e-02
1.245634458672875422e-01 1.049721736014895407e-01
1.257275902211874297e-01 1.593914405145285818e-01
1.268917345750873171e-01 2.097530960294607949e-01
1.280558789289872046e-01 2.456665467227328592e-01
1.292200232828870643e-01 2.587779975681903655e-01
1.303841676367869518e-01 2.448312751995715408e-01
1.315483119906868392e-01 2.047610755967030627e-01
1.327124563445867267e-01 1.445781590007163275e-01
1.338766006984866141e-01 7.406112929412965451e-02
1.350407450523865016e-01 4.585686613613712201e-03
1.362048894062863891e-01 -5.338322923684243188e-02
1.373690337601862488e-01 -9.252652929414975636e-02
1.385331781140861362e-01 -1.101022414977741587e-01
1.396973224679860237e-01 -1.082450293003058284e-01
1.408614668218859112e-01 -9.309006025700533593e-02
1.420256111757857986e-01 -7.296731570029731107e-02
1.431897555296856861e-01 -5.613755369270585077e-02
1.443538998835855736e-01 -4.864588264300022391e-02
1.455180442374854333e-01 -5.282900392562672742e-02
1.466821885913853207e-01 -6.683947325071186440e-02
1.478463329452852082e-01 -8.528960959708428713e-02
1.490104772991850957e-01 -1.008350127472907448e-01
1.501746216530849831e-01 -1.062836375841485492e-01
1.513387660069848706e-01 -9.668849901732320951e-02
1.525029103608847580e-01 -7.089059557003882239e-02
1.536670547147846178e-01 -3.211945393500847956e-02
1.548311990686845052e-01 1.250504034463419990e-02
1.559953434225843927e-01 5.345404365099999666e-02
1.571594877764842801e-01 8.089917101296707769e-02
1.583236321303841676e-01 8.694549584078366256e-02
1.594877764842840551e-01 6.745988888901499614e-02
1.606519208381839425e-01 2.307122130709545610e-02
1.618160651920838022e-01 -4.087633427494072325e-02
1.629802095459836897e-01 -1.153836229111880607e-01
1.641443538998835772e-01 -1.896006846915077315e-01
1.653084982537834646e-01 -2.529414108224886659e-01
1.664726426076833521e-01 -2.970221056275181848e-01
1.676367869615832396e-01 -3.170036168038911639e-01
1.688009313154831270e-01 -3.120813847855436474e-01
1.699650756693829867e-01 -2.850861078258988823e-01
1.711292200232828742e-01 -2.413731060824272912e-01
1.722933643771827616e-01 -1.873371211901864175e-01
1.734575087310826491e-01 -1.289538145282518866e-01
1.746216530849825366e-01 -7.070761827824559309e-02
1.757857974388824240e-01 -1.513350512632889895e-02
1.769499417927823115e-01 3.698386166502558303e-02
1.781140861466821712e-01 8.589557656350520209e-02
1.792782305005820587e-01 1.319378735580072071e-01
1.804423748544819461e-01 1.746787226197391296e-01
1.816065192083818336e-01 2.124531315864132130e-01
1.827706635622817211e-01 2.424545501898094646e-01
1.839348079161816085e-01 2.613785833813825898e-01
1.850989522700814960e-01 2.664443383246450359e-01
1.862630966239813834e-01 2.564951366249270670e-01
1.874272409778812432e-01 2.328382399814522552e-01
1.885913853317811306e-01 1.995352230544292782e-01
1.897555296856810181e-01 1.629883812657544895e-01
1.909196740395809055e-01 1.308501725378811986e-01
1.920838183934807930e-01 1.104654333704310210e-01
1.932479627473806805e-01 1.071924658577149830e-01
1.944121071012805679e-01 1.230029200454971494e-01
1.955762514551804276e-01 1.557161231748403207e-01
1.967403958090803151e-01 1.990900716638011325e-01
1.979045401629802026e-01 2.437998955113432065e-01
1.990686845168800900e-01 2.791308674728032457e-01
2.002328288707799775e-01 2.950457162634138042e-01
2.013969732246798650e-01 2.841950103566096564e-01
2.025611175785797524e-01 2.434461111912457620e-01
2.037252619324796121e-01 1.746086194645255496e-01
2.048894062863794996e-01 8.420775580301784191e-02
2.060535506402793871e-01 -1.763909923654130574e-02
2.072176949941792745e-01 -1.190003642665888733e-01
2.083818393480791620e-01 -2.081916456580746588e-01
2.095459837019790494e-01 -2.757059452853567461e-01
2.107101280558789369e-01 -3.156458153963683233e-01
2.118742724097787966e-01 -3.264144068978539481e-01
2.130384167636786841e-01 -3.105903266828285436e-01
2.142025611175785715e-01 -2.740830609292878028e-01
2.153667054714784590e-01 -2.248027875141249132e-01
2.165308498253783465e-01 -1.711527403902864397e-01
2.176949941792782339e-01 -1.206526104704087748e-01
2.188591385331781214e-01 -7.893469629544457022e-02
2.200232828870779811e-01 -4.924279952598645954e-02
2.211874272409778686e-01 -3.243801780896706649e-02
2.223515715948777560e-01 -2.740687261920400283e-02
2.235157159487776435e-01 -3.169952998131471411e-02
2.246798603026775309e-01 -4.221043233264760303e-02
2.258440046565774184e-01 -5.574723303540015523e-02
2.270081490104773059e-01 -6.940096727838700186e-02
2.281722933643771656e-01 -8.070820993722362113e-02
2.293364377182770530e-01 -8.766139011614060284e-02
2.305005820721769405e-01 -8.865912656648958223e-02
2.316647264260768280e-01 -8.248724581209219975e-02
2.328288707799767154e-01 -6.838728256094488145e-02
2.339930151338766029e-01 -4.621641329970874179e-02
2.351571594877764904e-01 -1.664955508011628157e-02
2.363213038416763501e-01 1.866132727013329606e-02
2.374854481955762375e-01 5.706184528136961503e-02
2.386495925494761250e-01 9.506883973076785121e-02
2.398137369033760125e-01 1.287570225587376105e-01
2.409778812572758999e-01 1.543110948288777540e-01
2.421420256111757874e-01 1.686420649907765523e-01
2.433061699650756748e-01 1.699365769298837314e-01
2.444703143189755346e-01 1.580116284232386537e-01
2.456344586728754220e-01 1.343845337037687104e-01
2.467986030267753095e-01 1.020304188317650573e-01
2.479627473806751969e-01 6.487108869712428227e-02
2.491268917345750844e-01 2.710133764744758825e-02
2.502910360884749719e-01 -7.504340732008854542e-03
2.514551804423748593e-01 -3.615950745074116707e-02
2.526193247962747468e-01 -5.739562265931422158e-02
2.537834691501746343e-01 -7.110050648584187449e-02
2.549476135040745217e-01 -7.828157961959006372e-02
2.561117578579744092e-01 -8.063263018459596032e-02
2.572759022118742411e-01 -8.002292248895323534e-02
2.584400465657741286e-01 -7.803589601721355740e-02
2.596041909196740161e-01 -7.566092621678016661e-02
2.607683352735739035e-01 -7.319347849232506198e-02
2.619324796274737910e-01 -7.034037306865351113e-02
2.630966239813736784e-01 -6.647380047017127647e-02
2.642607683352735659e-01 -6.094394479510630708e-02
2.654249126891734534e-01 -5.335347380981397825e-02
2.665890570430733408e-01 -4.371785057435158967e-02
2.677532013969732283e-01 -3.247601464235449348e-02
2.689173457508731158e-01 -2.036389170364351700e-02
2.700814901047730032e-01 -8.204331347663705587e-03
2.712456344586728907e-01 3.310167646252398527e-03
2.724097788125727782e-01 1.376715780872777087e-02
2.735739231664726101e-01 2.306625875435434556e-02
2.747380675203724976e-01 3.132327385626013094e-02
2.759022118742723850e-01 3.867915372372529581e-02
2.770663562281722725e-01 4.507968560112389500e-02
2.782305005820721600e-01 5.010515067964935176e-02
2.793946449359720474e-01 5.291858667749488321e-02
2.805587892898719349e-01 5.236941538813676827e-02
2.817229336437718223e-01 4.724482800855393794e-02
2.828870779976717098e-01 3.661683937198875749e-02
2.840512223515715973e-01 2.020081581686691483e-02
2.852153667054714847e-01 -1.369314292538675306e-03
2.863795110593713722e-01 -2.642976360235596567e-02
2.875436554132712597e-01 -5.238454011826830514e-02
2.887077997671711471e-01 -7.600929301058319265e-02
2.898719441210709791e-01 -9.391081803809306350e-02
2.910360884749708665e-01 -1.030559816622853425e-01
2.922002328288707540e-01 -1.012687595404170998e-01
2.933643771827706415e-01 -8.760260376488260281e-02
2.945285215366705289e-01 -6.252417236132901124e-02
2.956926658905704164e-01 -2.788524037668713498e-02
2.968568102444703039e-01 1.329849671843035853e-02
2.980209545983701913e-01 5.721028154105108759e-02
2.991850989522700788e-01 9.966863969179980132e-02
3.003492433061699662e-01 1.365700510987455096e-01
3.015133876600698537e-01 1.642860655385730839e-01
3.026775320139697412e-01 1.799852697787294453e-01
3.038416763678696286e-01 1.818713480596074183e-01
3.050058207217695161e-01 1.693410104624179791e-01
3.061699650756694036e-01 1.430668107158632185e-01
3.073341094295692355e-01 1.050016475252979614e-01
3.084982537834691230e-01 5.828996628582156642e-02
3.096623981373690104e-01 7.063278304450013034e-03
3.108265424912688979e-01 -4.389837664043851756e-02
3.119906868451687854e-01 -8.963862215240225861e-02
3.131548311990686728e-01 -1.255986959195954378e-01
3.143189755529685603e-01 -1.482245787938722137e-01
3.154831199068684477e-01 -1.555080817791512360e-01
3.166472642607683352e-01 -1.473498345120135278e-01
3.178114086146682227e-01 -1.256456236270043214e-01
3.189755529685681101e-01 -9.403949191472582569e-02
3.201396973224679976e-01 -5.735150334269187300e-02
3.213038416763678851e-01 -2.076172775637160489e-02
3.224679860302677725e-01 1.110317614942173819e-02
3.236321303841676045e-01 3.499648349227004601e-02
3.247962747380674919e-01 4.960890200327108118e-02
3.259604190919673794e-01 5.572128238028090791e-02
3.271245634458672669e-01 5.590032511283630351e-02
3.282887077997671543e-01 5.378843478115353377e-02
3.294528521536670418e-01 5.313796548828364497e-02
3.306169965075669293e-01 5.680983877638805246e-02
3.317811408614668167e-01 6.597727092203387045e-02
3.329452852153667042e-01 7.973844098293450533e-02
3.341094295692665916e-01 9.525265624270994047e-02
3.352735739231664791e-01 1.083917859628790170e-01
3.364377182770663666e-01 1.147709248486909889e-01
3.376018626309662540e-01 1.109208777051184092e-01
3.387660069848661415e-01 9.531676883851404602e-02
3.399301513387659734e-01 6.899670471738751643e-02
3.410942956926658609e-01 3.559062795168897730e-02
3.422584400465657484e-01 7.143424648042175475e-04
3.434225844004656358e-01 -2.916369931493821219e-02
3.445867287543655233e-01 -4.814152268877248259e-02
3.457508731082654108e-01 -5.226604386670014729e-02
3.469150174621652982e-01 -4.054928880531526864e-02
3.480791618160651857e-01 -1.536112841343821589e-02
3.492433061699650731e-01 1.792207815334146206e-02
3.504074505238649606e-01 5.196312554168330128e-02
3.515715948777648481e-01 7.898982664560348643e-02
3.527357392316647355e-01 9.246845684700341628e-02
3.538998835855646230e-01 8.854872034039601436e-02
3.550640279394645105e-01 6.694798063352951079e-02
3.562281722933643424e-01 3.106484921493136292e-02
3.573923166472642299e-01 -1.271450438796305205e-02
3.585564610011641173e-01 -5.636996980548821673e-02
3.597206053550640048e-01 -9.196218519433684013e-02
3.608847497089638923e-01 -1.133262415561301223e-01
3.620488940628637797e-01 -1.173672009722009496e-01
3.632130384167636672e-01 -1.046720247144089094e-01
3.643771827706635547e-01 -7.930949995711523981e-02
3.655413271245634421e-01 -4.787482826051563112e-02
3.667054714784633296e-01 -1.800519197652585696e-02
3.678696158323632170e-01 3.292556008939842224e-03
3.690337601862631045e-01 1.112681064288464396e-02
3.701979045401629920e-01 3.696375249336634680e-03
3.713620488940628794e-01 -1.744102887077049122e-02
3.725261932479627669e-01 -4.783712190989084651e-02
3.736903376018625988e-01 -8.122099500027489538e-02
3.748544819557624863e-01 -1.109003390069854406e-01
3.760186263096623738e-01 -1.311681801023043548e-01
3.771827706635622612e-01 -1.384049622123318668e-01
3.783469150174621487e-01 -1.316547986073700327e-01
3.795110593713620362e-01 -1.125902989607379112e-01
3.806752037252619236e-01 -8.492756115201982592e-02
3.818393480791618111e-01 -5.347546842248624560e-02
3.830034924330616986e-01 -2.307293244202627755e-02
3.841676367869615860e-01 2.329666733180084555e-03
3.853317811408614735e-01 2.024927175264946630e-02
3.864959254947613609e-01 2.981819318084027656e-02
3.876600698486612484e-01 3.152942093625284159e-02
3.888242142025611359e-01 2.670894325766820163e-02
3.899883585564609678e-01 1.690377091025230261e-02
3.911525029103608553e-01 3.377555385596376844e-03
3.923166472642607427e-01 -1.314446919156037584e-02
3.934807916181606302e-01 -3.242642806952616280e-02
3.946449359720605177e-01 -5.441176582126559802e-02
3.958090803259604051e-01 -7.877648762734738852e-02
3.969732246798602926e-01 -1.045120259470188606e-01
3.981373690337601801e-01 -1.296962303624223101e-01
3.993015133876600675e-01 -1.515563389426190510e-01
4.004656577415599550e-01 -1.668423172786926700e-01
4.016298020954598424e-01 -1.724368301351427435e-01
4.027939464493597299e-01 -1.660550332906045590e-01
4.039580908032596174e-01 -1.468535581780036903e-01
4.051222351571595048e-01 -1.157828766581512347e-01
4.062863795110593368e-01 -7.557683123361171040e-02
4.074505238649592243e-01 -3.036166329430512248e-02
4.086146682188591117e-01 1.503903580324294012e-02
4.097788125727589992e-01 5.595200062337123831e-02
4.109429569266588866e-01 8.866643796793849397e-02
4.121071012805587741e-01 1.110329850256903117e-01
4.132712456344586616e-01 1.227259027854521040e-01
4.144353899883585490e-01 1.251277122678648712e-01
4.155995343422584365e-01 1.208850418960251971e-01
4.167636786961583240e-01 1.132578157425876697e-01
4.179278230500582114e-01 1.054231618193964687e-01
4.190919674039580989e-01 9.989229174798509858e-02
4.202561117578579863e-01 9.815633408891015488e-02
4.214202561117578738e-01 1.006091225241987769e-01
4.225844004656577058e-01 1.067208387662560987e-01
4.237485448195575932e-01 1.153763641582715993e-01
4.249126891734574807e-01 1.252614097993251796e-01
4.260768335273573681e-01 1.351842150009341659e-01
4.272409778812572556e-01 1.442567394740891240e-01
4.284051222351571431e-01 1.519139852898086784e-01
4.295692665890570305e-01 1.578057905967418240e-01
4.307334109429569180e-01 1.616350802751821414e-01
4.318975552968568055e-01 1.630285911722689496e-01
4.330616996507566929e-01 1.615077648398873800e-01
4.342258440046565804e-01 1.565855410230438394e-01
4.353899883585564679e-01 1.479632527986478874e-01
4.365541327124563553e-01 1.357578271001124159e-01
4.377182770663562428e-01 1.206679770514886008e-01
4.388824214202560747e-01 1.039972110872701416e-01
4.400465657741559622e-01 8.749003592183422773e-02
4.412107101280558497e-01 7.299514238616942874e-02
4.423748544819557371e-01 6.202864981430525337e-02
4.435389988358556246e-01 5.535310012730696588e-02
4.447031431897555120e-01 5.269922353049254216e-02
4.458672875436553995e-01 5.273140304760600555e-02
4.470314318975552870e-01 5.329882532862117994e-02
4.481955762514551744e-01 5.193705869421769150e-02
4.493597206053550619e-01 4.651008402443199130e-02
4.505238649592549494e-01 3.583214012043212104e-02
4.516880093131548368e-01 2.009827509848346669e-02
4.528521536670547243e-01 9.881643544687700176e-04
4.540162980209546117e-01 -1.861687929034888320e-02
4.551804423748544992e-01 -3.526640789172805213e-02
4.563445867287543312e-01 -4.579084914451698324e-02
4.575087310826542186e-01 -4.817026738172044270e-02
4.586728754365541061e-01 -4.220347460837219761e-02
4.598370197904539936e-01 -2.979422106067686551e-02
4.610011641443538810e-01 -1.475477836980015368e-02
4.621653084982537685e-01 -2.140121826842924894e-03
4.633294528521536559e-01 2.759278322581634139e-03
4.644935972060535434e-01 -4.449874033225452268e-03
4.656577415599534309e-01 -2.625974934120265877e-02
4.668218859138533183e-01 -6.261811655935491105e-02
4.679860302677532058e-01 -1.107992156253258809e-01
4.691501746216530933e-01 -1.658258694600956706e-01
4.703143189755529807e-01 -2.213537020009612721e-01
4.714784633294528682e-01 -2.708229763019254777e-01
4.726426076833527001e-01 -3.086247131389088239e-01
4.738067520372525876e-01 -3.310294504569846197e-01
4.749708963911524751e-01 -3.366882080000725974e-01
4.761350407450523625e-01 -3.266201106604698090e-01
4.772991850989522500e-01 -3.037232200088408884e-01
4.784633294528521374e-01 -2.719540983335337336e-01
4.796274738067520249e-01 -2.353910408219885564e-01
4.807916181606519124e-01 -1.974098521183224597e-01
4.819557625145517998e-01 -1.601579940510166333e-01
4.831199068684516873e-01 -1.244258463147832894e-01
4.842840512223515748e-01 -8.990647499694515155e-02
4.854481955762514622e-01 -5.573589878585411689e-02
4.866123399301513497e-01 -2.113960187491153650e-02
4.877764842840512372e-01 1.400626709291416701e-02
4.889406286379510691e-01 4.885648939448752198e-02
4.901047729918509566e-01 8.160428042184100783e-02
4.912689173457508440e-01 1.098045267975137351e-01
4.924330616996507315e-01 1.309159850338664499e-01
4.935972060535506190e-01 1.429087269248062453e-01
4.947613504074505064e-01 1.447700313164719810e-01
4.959254947613503939e-01 1.367745881556746146e-01
4.970896391152502813e-01 1.204527240084396211e-01
4.982537834691501688e-01 9.827356637363106329e-02
4.994179278230500563e-01 7.313526191861829950e-02
5.005820721769499437e-01 4.780113623447999893e-02
5.017462165308498312e-01 2.442714310679752060e-02
5.029103608847497187e-01 4.291836454612599563e-03
5.040745052386496061e-01 -1.222342783467503941e-02
5.052386495925494936e-01 -2.543008729019982303e-02
5.064027939464493810e-01 -3.599209318887131026e-02
5.075669383003492685e-01 -4.457108902961380570e-02
5.087310826542491560e-01 -5.157309871035029025e-02
5.098952270081490434e-01 -5.707161205140826032e-02
5.110593713620489309e-01 -6.091796672426085663e-02
5.122235157159488184e-01 -6.298301500817944654e-02
5.133876600698485948e-01 -6.342517654708186570e-02
5.145518044237484823e-01 -6.286494249286066205e-02
5.157159487776483697e-01 -6.237065501590274147e-02
5.168800931315482572e-01 -6.321899841148179156e-02
5.180442374854481447e-01 -6.646966633429304827e-02
5.192083818393480321e-01 -7.246462610655896031e-02
5.203725261932479196e-01 -8.040606459670787687e-02
5.215366705471478070e-01 -8.816796979420166158e-02
5.227008149010476945e-01 -9.245037557207695655e-02
5.238649592549475820e-01 -8.930178957633881642e-02
5.250291036088474694e-01 -7.493475551746935082e-02
5.261932479627473569e-01 -4.666856399950555789e-02
5.273573923166472444e-01 -3.777642105449287649e-03
5.285215366705471318e-01 5.197802280855459700e-02
5.296856810244470193e-01 1.163082686187705550e-01
5.308498253783469067e-01 1.828984287192795544e-01
5.320139697322467942e-01 2.444022541936355930e-01
5.331781140861466817e-01 2.937382807531435658e-01
5.343422584400465691e-01 3.254224067095377593e-01
5.355064027939464566e-01 3.366458411244367954e-01
5.366705471478463441e-01 3.278521225672216266e-01
5.378346915017462315e-01 3.026712588872151888e-01
5.389988358556461190e-01 2.672098564891707273e-01
5.401629802095460064e-01 2.288405556858029433e-01
5.413271245634458939e-01 1.947478187123026505e-01
5.424912689173457814e-01 1.705427404546658587e-01
5.436554132712456688e-01 1.592434514716231653e-01
5.448195576251455563e-01 1.608334378543123389e-01
5.459837019790454438e-01 1.724776578173340957e-01
5.471478463329452202e-01 1.893271211860770020e-01
5.483119906868451077e-01 2.057118338584200956e-01
5.494761350407449951e-01 2.164401228570124180e-01
5.506402793946448826e-01 2.179076685914148603e-01
5.518044237485447701e-01 2.087740392537655587e-01
5.529685681024446575e-01 1.900735729249524997e-01
5.541327124563445450e-01 1.647638524718071373e-01
5.552968568102444324e-01 1.368457618342334148e-01
5.564610011641443199e-01 1.102835497319206853e-01
5.576251455180442074e-01 8.799048685498937761e-02
5.587892898719440948e-01 7.111902708257589190e-02
5.599534342258439823e-01 5.881278237890194549e-02
5.611175785797438698e-01 4.846271357124011525e-02
5.622817229336437572e-01 3.639030105646626906e-02
5.634458672875436447e-01 1.878442148397817257e-02
5.646100116414435321e-01 -7.332503633221370935e-03
5.657741559953434196e-01 -4.333032568012908092e-02
5.669383003492433071e-01 -8.855657191466451139e-02
5.681024447031431945e-01 -1.403605909232596427e-01
5.692665890570430820e-01 -1.945350208719818230e-01
5.704307334109429695e-01 -2.460643788670568710e-01
5.715948777648428569e-01 -2.900128401012707080e-01
5.727590221187427444e-01 -3.223669459426407036e-01
5.739231664726426319e-01 -3.406737703122977301e-01
5.750873108265425193e-01 -3.443711372802480408e-01
5.762514551804424068e-01 -3.347777577863531029e-01
5.774155995343422942e-01 -3.147799487595251411e-01
5.785797438882421817e-01 -2.883031216074290470e-01
5.797438882421419581e-01 -2.596818787698985109e-01
5.809080325960418456e-01 -2.330412363535914466e-01
5.820721769499417331e-01 -2.117787717561028793e-01
5.832363213038416205e-01 -1.982031158262206327e-01
5.844004656577415080e-01 -1.933487558257206418e-01
5.855646100116413955e-01 -1.969589305068501772e-01
5.867287543655412829e-01 -2.076115874181997945e-01
5.878928987194411704e-01 -2.229573885732342442e-01
5.890570430733410578e-01 -2.400395237139842652e-01
5.902211874272409453e-01 -2.556671934209444608e-01
5.913853317811408328e-01 -2.668136809909200102e-01
5.925494761350407202e-01 -2.710044364615202817e-01
5.937136204889406077e-01 -2.666525414718763920e-01
5.948777648428404952e-01 -2.532930466551370219e-01
5.960419091967403826e-01 -2.316695856561938882e-01
5.972060535506402701e-01 -2.036405171547066295e-01
5.983701979045401576e-01 -1.718983024528767112e-01
5.995343422584400450e-01 -1.395311416377445768e-01
6.006984866123399325e-01 -1.094923906000533909e-01
6.018626309662398199e-01 -8.407125337141402310e-02
6.030267753201397074e-01 -6.446871868919926141e-02
6.041909196740395949e-01 -5.057030266659043316e-02
6.053550640279394823e-01 -4.097210960091648285e-02
6.065192083818393698e-01 -3.326543335285190445e-02
6.076833527357392573e-01 -2.452894016218854986e-02
6.088474970896391447e-01 -1.192995540978735412e-02
6.100116414435390322e-01 6.690266175270166704e-03
6.111757857974389196e-01 3.237069311247443154e-02
6.123399301513388071e-01 6.481692619013595946e-02
6.135040745052385835e-01 1.024601724334369968e-01
6.146682188591384710e-01 1.427673361348023584e-01
6.158323632130383585e-01 1.827250905863722630e-01
6.169965075669382459e-01 2.193850189983299892e-01
6.181606519208381334e-01 2.503497165246316158e-01
6.193247962747380209e-01 2.741022370963037136e-01
6.204889406286379083e-01 2.901266703870447605e-01
6.216530849825377958e-01 2.988231226162800791e-01
6.228172293364376833e-01 3.012706260777296974e-01
6.239813736903375707e-01 2.989229690213446311e-01
6.251455180442374582e-01 2.933271661590516888e-01
6.263096623981373456e-01 2.859321866342426910e-01
6.274738067520372331e-01 2.780144273918817022e-01
6.286379511059371206e-01 2.706997311727373234e-01
6.298020954598370080e-01 2.650246926309379747e-01
6.309662398137368955e-01 2.619649615937790776e-01
6.321303841676367830e-01 2.623709853588594432e-01
6.332945285215366704e-01 2.667892285826106158e-01
6.344586728754365579e-01 2.751982900668731302e-01
6.356228172293364453e-01 2.867381651413083432e-01
6.367869615832363328e-01 2.995402222510282764e-01
6.379511059371362203e-01 3.107627853558037057e-01
6.391152502910361077e-01 3.168986377350096473e-01
6.402793946449359952e-01 3.143528769663487821e-01
6.414435389988358827e-01 3.002084631018775429e-01
6.426076833527357701e-01 2.730243873877017391e-01
6.437718277066356576e-01 2.334696329008113802e-01
6.449359720605355450e-01 1.846009788799562457e-01
6.461001164144353215e-01 1.316492491744161164e-01
6.472642607683352090e-01 8.127855896855583351e-02
6.484284051222350964e-01 4.040593922124995768e-02
6.495925494761349839e-01 1.478593777160491264e-02
6.507566938300348713e-01 7.646673345079376197e-03
6.519208381839347588e-01 1.868679918287611055e-02
6.530849825378346463e-01 4.369587514114742915e-02
6.542491268917345337e-01 7.494878510145422390e-02
6.554132712456344212e-01 1.023689559164808055e-01
6.565774155995343087e-01 1.152878574208747592e-01
6.577415599534341961e-01 1.044868096827704651e-01
6.589057043073340836e-01 6.412477986797469887e-02
6.600698486612339710e-01 -6.845933569056928542e-03
6.612339930151338585e-01 -1.040912149117285412e-01
6.623981373690337460e-01 -2.182955867671023398e-01
6.635622817229336334e-01 -3.365201074740046816e-01
6.647264260768335209e-01 -4.442929820199715274e-01
6.658905704307334084e-01 -5.280556675226648622e-01
6.670547147846332958e-01 -5.775081085588633645e-01
6.682188591385331833e-01 -5.874082897392688407e-01
6.693830034924330707e-01 -5.584818894509966380e-01
6.705471478463329582e-01 -4.972672318258347102e-01
6.717112922002328457e-01 -4.149246132571555723e-01
6.728754365541327331e-01 -3.252363565957540059e-01
6.740395809080326206e-01 -2.421754972770963632e-01
6.752037252619325081e-01 -1.774976629636070835e-01
6.763678696158323955e-01 -1.387989252605701662e-01
6.775320139697322830e-01 -1.283864775003429048e-01
6.786961583236321705e-01 -1.431495542070342908e-01
6.798603026775319469e-01 -1.754272741302438376e-01
6.810244470314318344e-01 -2.146850732314741494e-01
6.821885913853317218e-01 -2.496665594018837864e-01
6.833527357392316093e-01 -2.706084807532310177e-01
6.845168800931314967e-01 -2.711053423888168390e-01
6.856810244470313842e-01 -2.492845794420742722e-01
6.868451688009312717e-01 -2.080871821683069334e-01
6.880093131548311591e-01 -1.546164743514408524e-01
6.891734575087310466e-01 -9.868870760134253184e-02
6.903376018626309341e-01 -5.086318481608823050e-02
6.915017462165308215e-01 -2.032225890172814978e-02
6.926658905704307090e-01 -1.299756739394729993e-02
6.938300349243305964e-01 -3.029446313428348428e-02
6.949941792782304839e-01 -6.865968961511891011e-02
6.961583236321303714e-01 -1.200861185031596029e-01
6.973224679860302588e-01 -1.734784340259651059e-01
6.984866123399301463e-01 -2.166441327068802380e-01
6.996507566938300338e-01 -2.385532093092039008e-01
7.008149010477299212e-01 -2.314499503106987321e-01
7.019790454016298087e-01 -1.924143320923758227e-01
7.031431897555296961e-01 -1.240592826142605659e-01
7.043073341094295836e-01 -3.420088681729824970e-02
7.054714784633294711e-01 6.547318516161688973e-02
7.066356228172293585e-01 1.615193911945484173e-01
7.077997671711292460e-01 2.412602966917565817e-01
7.089639115250291335e-01 2.952394948060201307e-01
7.101280558789290209e-01 3.191278786028668990e-01
7.112922002328289084e-01 3.146854137291940634e-01
7.124563445867286848e-01 2.895508492057992100e-01
7.136204889406285723e-01 2.558537816381271646e-01
7.147846332945284598e-01 2.278774588817855662e-01
7.159487776484283472e-01 2.191998613487842751e-01
7.171129220023282347e-01 2.398624692541493075e-01
7.182770663562281221e-01 2.941318759862701082e-01
7.194412107101280096e-01 3.793208425519791205e-01
7.206053550640278971e-01 4.859379323671888518e-01
7.217694994179277845e-01 5.991755651216337242e-01
7.229336437718276720e-01 7.014769529037657714e-01
7.240977881257275595e-01 7.756988911735631653e-01
7.252619324796274469e-01 8.082579249594389337e-01
7.264260768335273344e-01 7.916415350316877708e-01
7.275902211874272218e-01 7.257875130107900308e-01
7.287543655413271093e-01 6.180601198207060776e-01
7.299185098952269968e-01 4.818345971812248441e-01
7.310826542491268842e-01 3.339826543354147970e-01
7.322467986030267717e-01 1.917710078345044589e-01
7.334109429569266592e-01 6.979625469672016969e-02
7.345750873108265466e-01 -2.244085082325548638e-02
7.357392316647264341e-01 -8.186466246495638366e-02
7.369033760186263216e-01 -1.118390764533970239e-01
7.380675203725262090e-01 -1.209269536349464186e-01
7.392316647264260965e-01 -1.207109701115761102e-01
7.403958090803259839e-01 -1.231722579751642899e-01
7.415599534342258714e-01 -1.381896252106946665e-01
7.427240977881257589e-01 -1.716646522030447208e-01
7.438882421420256463e-01 -2.246142855639162161e-01
7.450523864959255338e-01 -2.933437846890414868e-01
7.462165308498253102e-01 -3.705733155056830652e-01
7.473806752037251977e-01 -4.471955888482157526e-01
7.485448195576250852e-01 -5.142316090484416735e-01
7.497089639115249726e-01 -5.645468057247196025e-01
7.508731082654248601e-01 -5.939847875544201905e-01
7.520372526193247475e-01 -6.017416482625362883e-01
7.532013969732246350e-01 -5.899959387807063305e-01
7.543655413271245225e-01 -5.629801244531591475e-01
7.555296856810244099e-01 -5.257888027606149040e-01
7.566938300349242974e-01 -4.832450286674224715e-01
7.578579743888241849e-01 -4.390889200492930078e-01
7.590221187427240723e-01 -3.956335472127859298e-01
7.601862630966239598e-01 -3.538878323618610544e-01
7.613504074505238473e-01 -3.140153370525463061e-01
7.625145518044237347e-01 -2.759158003181728103e-01
7.636786961583236222e-01 -2.397025765226138694e-01
7.648428405122235096e-01 -2.059036794567886963e-01
7.660069848661233971e-01 -1.753181725210398723e-01
7.671711292200232846e-01 -1.485812962676374971e-01
7.683352735739231720e-01 -1.255951116045967708e-01
7.694994179278230595e-01 -1.050365518573247031e-01
7.706635622817229470e-01 -8.414559589610934309e-02
7.718277066356228344e-01 -5.892494811246125341e-02
7.729918509895227219e-01 -2.476868268801323686e-02
7.741559953434226093e-01 2.258775173682668266e-02
7.753201396973224968e-01 8.600519893783147019e-02
7.764842840512223843e-01 1.660243397293058587e-01
7.776484284051222717e-01 2.603354933957523487e-01
7.788125727590220482e-01 3.637933194195577813e-01
7.799767171129219356e-01 4.690095406128306221e-01
7.811408614668218231e-01 5.674193186247883380e-01
7.823050058207217106e-01 6.506025761098751525e-01
7.834691501746215980e-01 7.115795901266874779e-01
7.846332945285214855e-01 7.458062975263627381e-01
7.857974388824213730e-01 7.516671938346106696e-01
7.869615832363212604e-01 7.303838486677312059e-01
7.881257275902211479e-01 6.853944140983174727e-01
7.892898719441210353e-01 6.213797173591961709e-01
7.904540162980209228e-01 5.431852644668399011e-01
7.916181606519208103e-01 4.548988103712580666e-01
7.927823050058206977e-01 3.592896026909868090e-01
7.939464493597205852e-01 2.577136568867878230e-01
7.951105937136204727e-01 1.504668238054161777e-01
7.962747380675203601e-01 3.745562668885769886e-02
7.974388824214202476e-01 -8.101742259270426627e-02
7.986030267753201350e-01 -2.035753030692283028e-01
7.997671711292200225e-01 -3.273768182666331739e-01
8.009313154831199100e-01 -4.481142672540178173e-01
8.020954598370197974e-01 -5.603926835119947825e-01
8.032596041909196849e-01 -6.583878567264677129e-01
8.044237485448195724e-01 -7.366152810801260831e-01
8.055878928987194598e-01 -7.906242439696568036e-01
8.067520372526193473e-01 -8.174626366524960774e-01
8.079161816065192347e-01 -8.158278939954564102e-01
8.090803259604191222e-01 -7.859073865032787376e-01
8.102444703143190097e-01 -7.289935101610423018e-01
8.114086146682187861e-01 -6.470133544726613950e-01
8.125727590221186736e-01 -5.421271083813244962e-01
8.137369033760185610e-01 -4.165214164645168471e-01
8.149010477299184485e-01 -2.724628962981130997e-01
8.160651920838183360e-01 -1.126001302018899003e-01
8.172293364377182234e-01 5.957016905087130637e-02
8.183934807916181109e-01 2.392076526225488387e-01
8.195576251455179984e-01 4.197557203768884637e-01
8.207217694994178858e-01 5.928261610806744297e-01
8.218859138533177733e-01 7.484287058994411046e-01
8.230500582072176607e-01 8.755699313770535230e-01
8.242142025611175482e-01 9.631805297797878529e-01
8.253783469150174357e-01 1.001274724966619400e+00
8.265424912689173231e-01 9.822082093695900795e-01
8.277066356228172106e-01 9.018834644489976959e-01
8.288707799767170981e-01 7.607512144523418396e-01
8.300349243306169855e-01 5.644694606193612074e-01
8.311990686845168730e-01 3.241031437204154320e-01
8.323632130384167604e-01 5.577678003275665652e-02
8.335273573923166479e-01 -2.202686858559272653e-01
8.346915017462165354e-01 -4.812114927254670382e-01
8.358556461001164228e-01 -7.037061692244778177e-01
8.370197904540163103e-01 -8.663099507047262726e-01
8.381839348079161978e-01 -9.520402897352352456e-01
8.393480791618160852e-01 -9.507501481435934876e-01
8.405122235157159727e-01 -8.609639937326444281e-01
8.416763678696158602e-01 -6.908252435912046741e-01
8.428405122235157476e-01 -4.578792796062576276e-01
8.440046565774156351e-01 -1.875570161683925152e-01
8.451688009313154115e-01 8.958148484629702146e-02
8.463329452852152990e-01 3.415652127423609574e-01
8.474970896391151864e-01 5.392123116951490491e-01
8.486612339930150739e-01 6.601917567335947590e-01
8.498253783469149614e-01 6.922849813936559071e-01
8.509895227008148488e-01 6.352648885812557378e-01
8.521536670547147363e-01 5.010066052907931056e-01
8.533178114086146238e-01 3.117308733820717270e-01
8.544819557625145112e-01 9.660683905592924725e-02
8.556461001164143987e-01 -1.127566537157371762e-01
8.568102444703142861e-01 -2.871857054559085465e-01
8.579743888242141736e-01 -4.043537311302266568e-01
8.591385331781140611e-01 -4.519765260184858691e-01
8.603026775320139485e-01 -4.292539884275883844e-01
8.614668218859138360e-01 -3.463461724859562829e-01
8.626309662398137235e-01 -2.220356614060294553e-01
8.637951105937136109e-01 -8.005959016328202671e-02
8.649592549476134984e-01 5.517404106686381315e-02
8.661233993015133859e-01 1.626854865908828607e-01
8.672875436554132733e-01 2.281120480112994731e-01
8.684516880093131608e-01 2.454748518282212355e-01
8.696158323632130482e-01 2.173179636776728929e-01
8.707799767171129357e-01 1.533386016312201505e-01
8.719441210710128232e-01 6.791557581698065560e-02
8.731082654249127106e-01 -2.289372009671435809e-02
8.742724097788125981e-01 -1.042478583953284216e-01
8.754365541327124856e-01 -1.648024534243148487e-01
8.766006984866123730e-01 -1.979704332386001131e-01
8.777648428405121495e-01 -2.021581731324501308e-01
8.789289871944120369e-01 -1.801856952176154048e-01
8.800931315483119244e-01 -1.379494349947908982e-01
8.812572759022118118e-01 -8.285131585735580617e-02
8.824214202561116993e-01 -2.238683810928453546e-02
8.835855646100115868e-01 3.686370068343782641e-02
8.847497089639114742e-01 8.972626071740485987e-02
8.859138533178113617e-01 1.324763567201321657e-01
8.870779976717112492e-01 1.626053883333637706e-01
8.882421420256111366e-01 1.785335716690675811e-01
8.894062863795110241e-01 1.794509789185127768e-01
8.905704307334109116e-01 1.653761043849682477e-01
8.917345750873107990e-01 1.374001722264335812e-01
8.928987194412106865e-01 9.798308477745490408e-02
8.940628637951105739e-01 5.111470210404616549e-02
8.952270081490104614e-01 2.171719809879881381e-03
8.963911525029103489e-01 -4.261868574006860699e-02
8.975552968568102363e-01 -7.707591650184979215e-02
8.987194412107101238e-01 -9.616624733205185460e-02
8.998835855646100113e-01 -9.705909517163176237e-02
9.010477299185098987e-01 -7.986670526682727866e-02
9.022118742724097862e-01 -4.784524793332988607e-02
9.033760186263096736e-01 -6.951622644051866709e-03
9.045401629802095611e-01 3.519662714262303260e-02
9.057043073341094486e-01 7.076090784226632402e-02
9.068684516880093360e-01 9.321645584874292678e-02
9.080325960419092235e-01 9.864374275926085511e-02
9.091967403958091110e-01 8.648582475448803042e-02
9.103608847497089984e-01 5.960082561861863165e-02
9.115250291036087749e-01 2.360045007573831691e-02
9.126891734575086623e-01 -1.437118695245210437e-02
9.138533178114085498e-01 -4.713930586852922017e-02
9.150174621653084372e-01 -6.894525203355487963e-02
9.161816065192083247e-01 -7.652677714477990056e-02
9.173457508731082122e-01 -6.961622652701363045e-02
9.185098952270080996e-01 -5.078300155080086448e-02
9.196740395809079871e-01 -2.469830183216754210e-02
9.208381839348078746e-01 2.975495652919929804e-03
9.220023282887077620e-01 2.679962275516712192e-02
9.231664726426076495e-01 4.260616713696716018e-02
9.243306169965075370e-01 4.816898173761837570e-02
9.254947613504074244e-01 4.339549739867650663e-02
9.266589057043073119e-01 3.005642291566610128e-02
9.278230500582071993e-01 1.117336054835241406e-02
9.289871944121070868e-01 -9.752820649700106800e-03
9.301513387660069743e-01 -2.947860841028110412e-02
9.313154831199068617e-01 -4.556225777595578758e-02
9.324796274738067492e-01 -5.662919519106348470e-02
9.336437718277066367e-01 -6.235337959515752787e-02
9.348079161816065241e-01 -6.322017079385156002e-02
9.359720605355064116e-01 -6.017874216213570104e-02
9.371362048894062990e-01 -5.429908418264407788e-02
9.383003492433061865e-01 -4.652333547140652392e-02
9.394644935972060740e-01 -3.755522294577186282e-02
9.406286379511059614e-01 -2.788078974670617216e-02
9.417927823050058489e-01 -1.787366312771281052e-02
9.429569266589057364e-01 -7.919206119079787512e-03
9.441210710128055128e-01 1.503092429258243460e-03
9.452852153667054003e-01 9.815304720613518899e-03
9.464493597206052877e-01 1.641745412302658344e-02
9.476135040745051752e-01 2.081598437880942398e-02
9.487776484284050627e-01 2.275675640250691620e-02
9.499417927823049501e-01 2.231354411615385849e-02
9.511059371362048376e-01 1.989817907977323164e-02
9.522700814901047250e-01 1.618433987032182053e-02
9.534342258440046125e-01 1.196457257179804265e-02
9.545983701979045000e-01 7.980586982727988846e-03
9.557625145518043874e-01 4.774120237212972975e-03
9.569266589057042749e-01 2.598108951052993318e-03
9.580908032596041624e-01 1.408664731215845478e-03
9.592549476135040498e-01 9.339361883863146968e-04
9.604190919674039373e-01 7.940898437116033961e-04
9.615832363213038247e-01 6.338204691674052295e-04
9.627473806752037122e-01 2.283098482296848407e-04
9.639115250291035997e-01 -4.652836739632769890e-04
9.650756693830034871e-01 -1.320089978885355137e-03
9.662398137369033746e-01 -2.104909079830779867e-03
9.674039580908032621e-01 -2.577001511185198976e-03
9.685681024447031495e-01 -2.570574593575401887e-03
9.697322467986030370e-01 -2.053442239336701006e-03
9.708963911525029244e-01 -1.136627203483070317e-03
9.720605355064028119e-01 -3.763105565822786317e-05
9.732246798603026994e-01 9.875138160530805547e-04
9.743888242142025868e-01 1.719815911556475674e-03
9.755529685681024743e-01 2.036515202138112265e-03
9.767171129220023618e-01 1.937010403632908858e-03
9.778812572759021382e-01 1.530435321030712125e-03
9.790454016298020257e-01 9.921571136771809712e-04
9.802095459837019131e-01 5.054432971657927924e-04
9.813736903376018006e-01 2.075814179485136650e-04
9.825378346915016881e-01 1.563956105170080516e-04
9.837019790454015755e-01 3.250344564906024040e-04
9.848661233993014630e-01 6.231398929638765462e-04
9.860302677532013504e-01 9.343711032886654107e-04
9.871944121071012379e-01 1.156245710655278303e-03
9.883585564610011254e-01 1.229291840553446485e-03
9.895227008149010128e-01 1.147700268020251805e-03
9.906868451688009003e-01 9.509164366058156298e-04
9.918509895227007878e-01 7.020446028158086388e-04
9.930151338766006752e-01 4.628681372526462202e-04
9.941792782305005627e-01 2.744559348296232173e-04
9.953434225844004501e-01 1.500183026648036465e-04
9.965075669383003376e-01 7.920516873546698956e-05
9.976717112922002251e-01 4.140014568907301199e-05
9.988358556461001125e-01 1.855784212437288204e-05
1.000000000000000000e+00 3.923682003050874764e-06
