2.500610350018916961e-01 -6.882142696441190255e-22
2.503051756268916961e-01 1.266073248320255179e-05
2.505493162518916961e-01 5.105662505804254995e-05
2.507934568768916961e-01 1.005422587686835513e-04
2.510375975018916961e-01 1.343816030506581429e-04
2.512817381268916961e-01 1.214393174153671436e-04
2.515258787518916961e-01 4.574638356124566371e-05
2.517700193768916961e-01 -7.889993239948401519e-05
2.520141600018916961e-01 -2.033104748902328810e-04
2.522583006268916961e-01 -2.532570372039475012e-04
2.525024412518916961e-01 -1.553098923916224712e-04
2.527465818768916961e-01 1.291733230386498711e-04
2.529907225018916961e-01 5.735796071072438770e-04
2.532348631268916961e-01 1.072606624757180271e-03
2.534790037518916961e-01 1.455100312326379573e-03
2.537231443768916961e-01 1.524576238736769862e-03
2.539672850018916961e-01 1.118866113162568336e-03
2.542114256268916961e-01 1.719703857344513469e-04
2.544555662518916961e-01 -1.242514455743375015e-03
2.546997068768916961e-01 -2.904100330428452132e-03
2.549438475018916961e-01 -4.482581374281802838e-03
2.551879881268916961e-01 -5.614609023916669432e-03
2.554321287518916961e-01 -6.001209566493149669e-03
2.556762693768916961e-01 -5.498872154455788572e-03
2.559204100018916961e-01 -4.175806801543566552e-03
2.561645506268916961e-01 -2.312943409326063092e-03
2.564086912518916961e-01 -3.444681812026545616e-04
2.566528318768916961e-01 1.249097052225664559e-03
2.568969725018916961e-01 2.066667507262352245e-03
2.571411131268916961e-01 1.894815028169952046e-03
2.573852537518916961e-01 7.650943410129353549e-04
2.576293943768916961e-01 -1.059142594133584241e-03
2.578735350018916961e-01 -3.165326385605619908e-03
2.581176756268916961e-01 -5.120906174750044018e-03
2.583618162518916961e-01 -6.610803697715717832e-03
2.586059568768916961e-01 -7.540195544578048858e-03
2.588500975018916961e-01 -8.068576638619323269e-03
2.590942381268916961e-01 -8.561106808280781466e-03
2.593383787518916961e-01 -9.468706029799276239e-03
2.595825193768916961e-01 -1.117140609853932778e-02
2.598266600018916961e-01 -1.383262122602354344e-02
2.600708006268916961e-01 -1.731060655022065645e-02
2.603149412518916961e-01 -2.115723851591890664e-02
2.605590818768916961e-01 -2.470795096263477680e-02
2.608032225018916961e-01 -2.723830251318017787e-02
2.610473631268916961e-01 -2.814140192731716048e-02
2.612915037518916961e-01 -2.707353800846840422e-02
2.615356443768916961e-01 -2.402567816450399199e-02
2.617797850018916961e-01 -1.930319720294744468e-02
2.620239256268916961e-01 -1.342739660066150781e-02
2.622680662518916961e-01 -6.999458362711491119e-03
2.625122068768916961e-01 -5.805183694811526240e-04
2.627563475018916961e-01 5.365222960374789463e-03
2.630004881268916961e-01 1.044323658087841465e-02
2.632446287518916961e-01 1.423327253445115861e-02
2.634887693768916961e-01 1.617765129444100752e-02
2.637329100018916961e-01 1.552560835965895690e-02
2.639770506268916961e-01 1.140098791876301143e-02
2.642211912518916961e-01 3.026986094263991317e-03
2.644653318768916961e-01 -9.913806079646664965e-03
2.647094725018916961e-01 -2.686773883262954382e-02
2.649536131268916961e-01 -4.607862006839846813e-02
2.651977537518916961e-01 -6.448322565178379873e-02
2.654418943768916961e-01 -7.795057103707955792e-02
2.656860350018916961e-01 -8.190692588495737669e-02
2.659301756268916961e-01 -7.228337788032014599e-02
2.661743162518916961e-01 -4.661326419191075265e-02
2.664184568768916961e-01 -5.024642526032740975e-03
2.666625975018916961e-01 4.915320342621591621e-02
2.669067381268916961e-01 1.094036182002339208e-01
2.671508787518916961e-01 1.667731849053446236e-01
2.673950193768916961e-01 2.113076522373730781e-01
2.676391600018916961e-01 2.339421762209612787e-01
2.678833006268916961e-01 2.284696339111124685e-01
2.681274412518916961e-01 1.931420986370112336e-01
2.683715818768916961e-01 1.314950751510382820e-01
2.686157225018916961e-01 5.212403472300813217e-02
2.688598631268916961e-01 -3.263681003175279705e-02
2.691040037518916961e-01 -1.089307085806763969e-01
2.693481443768916961e-01 -1.640618659404855240e-01
2.695922850018916961e-01 -1.890795439425359548e-01
2.698364256268916961e-01 -1.806833988462449581e-01
2.700805662518916961e-01 -1.419955295011926799e-01
2.703247068768916961e-01 -8.198447436347872097e-02
2.705688475018916961e-01 -1.362846185853817255e-02
2.708129881268916961e-01 4.880120385309417302e-02
2.710571287518916961e-01 9.274250990592451671e-02
2.713012693768916961e-01 1.099586272019508759e-01
2.715454100018916961e-01 9.817524604123850640e-02
2.717895506268916961e-01 6.137023665701289016e-02
2.720336912518916961e-01 8.660947873042480760e-03
2.722778318768916961e-01 -4.793495040036208771e-02
2.725219725018916961e-01 -9.632326233403251670e-02
2.727661131268916961e-01 -1.270647220213479145e-01
2.730102537518916961e-01 -1.353670581070896828e-01
2.732543943768916961e-01 -1.218790137298795817e-01
2.734985350018916961e-01 -9.212810715177249810e-02
2.737426756268916961e-01 -5.478150088171286625e-02
2.739868162518916961e-01 -1.919939062145665024e-02
2.742309568768916961e-01 7.079860157655069874e-03
2.744750975018916961e-01 2.027694880864406787e-02
2.747192381268916961e-01 2.124171795384748387e-02
2.749633787518916961e-01 1.504849874517701254e-02
2.752075193768916961e-01 9.437115077698629909e-03
2.754516600018916961e-01 1.252377273255888060e-02
2.756958006268916961e-01 3.038340670336196064e-02
2.759399412518916961e-01 6.515140238190550437e-02
2.761840818768916961e-01 1.141345727868575827e-01
2.764282225018916961e-01 1.702034875521328261e-01
2.766723631268916961e-01 2.233879767664390670e-01
2.769165037518916961e-01 2.631324423650688860e-01
2.771606443768916961e-01 2.807825230626684876e-01
2.774047850018916961e-01 2.716823384801969610e-01
2.776489256268916961e-01 2.363211359765381159e-01
2.778930662518916961e-01 1.802800948336791831e-01
2.781372068768916961e-01 1.129808897459380346e-01
2.783813475018916961e-01 4.555678045704752988e-02
2.786254881268916961e-01 -1.163583183612166422e-02
2.788696287518916961e-01 -5.125739065087533963e-02
2.791137693768916961e-01 -7.044265645510980334e-02
2.793579100018916961e-01 -7.114034220710568901e-02
2.796020506268916961e-01 -5.928130510443570256e-02
2.798461912518916961e-01 -4.301156859105133984e-02
2.800903318768916961e-01 -3.045367071955475818e-02
2.803344725018916961e-01 -2.756824811457132818e-02
2.805786131268916961e-01 -3.665220045979972197e-02
2.808227537518916961e-01 -5.584105163006129746e-02
2.810668943768916961e-01 -7.972515358552095810e-02
2.813110350018916961e-01 -1.009076837037037322e-01
2.815551756268916961e-01 -1.120974479509342508e-01
2.817993162518916961e-01 -1.081991151704814469e-01
2.820434568768916961e-01 -8.786856558475134027e-02
2.822875975018916961e-01 -5.413826556553975877e-02
2.825317381268916961e-01 -1.395092560709766151e-02
2.827758787518916961e-01 2.329012767145177687e-02
2.830200193768916961e-01 4.780576941866704344e-02
2.832641600018916961e-01 5.166231132739286525e-02
2.835083006268916961e-01 3.060394572459140816e-02
2.837524412518916961e-01 -1.492724640045194756e-02
2.839965818768916961e-01 -7.980578230611665158e-02
2.842407225018916961e-01 -1.552441961644004942e-01
2.844848631268916961e-01 -2.305586311642856268e-01
2.847290037518916961e-01 -2.952521724560144833e-01
2.849731443768916961e-01 -3.409349565767932355e-01
2.852172850018916961e-01 -3.626640008121330694e-01
2.854614256268916961e-01 -3.594475236539793617e-01
2.857055662518916961e-01 -3.338740058016741452e-01
2.859497068768916961e-01 -2.910392560658849326e-01
2.861938475018916961e-01 -2.371019179456133052e-01
2.864379881268916961e-01 -1.778620136597814372e-01
2.866821287518916961e-01 -1.177162924804727728e-01
2.869262693768916961e-01 -5.921382064989317434e-02
2.871704100018916961e-01 -3.253557855845162772e-03
2.874145506268916961e-01 5.021714053949157680e-02
2.876586912518916961e-01 1.012791166548797639e-01
2.879028318768916961e-01 1.492213236886714145e-01
2.881469725018916961e-01 1.921097039842732390e-01
2.883911131268916961e-01 2.269068693982203289e-01
2.886352537518916961e-01 2.501345290735268456e-01
2.888793943768916961e-01 2.589017754059735887e-01
2.891235350018916961e-01 2.520011445874333345e-01
2.893676756268916961e-01 2.307345600841599620e-01
2.896118162518916961e-01 1.991849519261462420e-01
2.898559568768916961e-01 1.637838787663813689e-01
2.901000975018916961e-01 1.322067946579733311e-01
2.903442381268916961e-01 1.118090366570367866e-01
2.905883787518916961e-01 1.079499291622901536e-01
2.908325193768916961e-01 1.226039072246574713e-01
2.910766600018916961e-01 1.536111962771927186e-01
2.913208006268916961e-01 1.947857615459676617e-01
2.915649412518916961e-01 2.369064758399053450e-01
2.918090818768916961e-01 2.694144908699667162e-01
2.920532225018916961e-01 2.824742385559844693e-01
2.922973631268916961e-01 2.689668536961325462e-01
2.925415037518916961e-01 2.259939795882018321e-01
2.927856443768916961e-01 1.555743091548837664e-01
2.930297850018916961e-01 6.438977010519496280e-02
2.932739256268916961e-01 -3.735809625608746409e-02
2.935180662518916961e-01 -1.377352088799594643e-01
2.937622068768916961e-01 -2.251325976653362204e-01
2.940063475018916961e-01 -2.901808316452331726e-01
2.942504881268916961e-01 -3.271576129802740707e-01
2.944946287518916961e-01 -3.346504806881598348e-01
2.947387693768916961e-01 -3.154051780797548776e-01
2.949829100018916961e-01 -2.754614868085462076e-01
2.952270506268916961e-01 -2.228137139704125247e-01
2.954711912518916961e-01 -1.659049740654004179e-01
2.957153318768916961e-01 -1.122621880465904248e-01
2.959594725018916961e-01 -6.750982755257489698e-02
2.962036131268916961e-01 -3.488748433064564614e-02
2.964477537518916961e-01 -1.527043225918105207e-02
2.966918943768916961e-01 -7.584724530876909426e-03
2.969360350018916961e-01 -9.442676532624406927e-03
2.971801756268916961e-01 -1.781156754475156714e-02
2.974243162518916961e-01 -2.956426815869046820e-02
2.976684568768916961e-01 -4.182919796462929163e-02
2.979125975018916961e-01 -5.213547097099242161e-02
2.981567381268916961e-01 -5.841397776695925192e-02
2.984008787518916961e-01 -5.894927029034802146e-02
2.986450193768916961e-01 -5.237362769520075012e-02
2.988891600018916961e-01 -3.775832070874941826e-02
2.991333006268916961e-01 -1.480206643111346004e-02
2.993774412518916961e-01 1.593794416021370938e-02
2.996215818768916961e-01 5.286306167022356700e-02
2.998657225018916961e-01 9.329419350467015037e-02
3.001098631268916961e-01 1.336449071277160672e-01
3.003540037518916961e-01 1.698211264820448929e-01
3.005981443768916961e-01 1.977978726614710303e-01
3.008422850018916961e-01 2.142675289524286486e-01
3.010864256268916961e-01 2.172227895532603537e-01
3.013305662518916961e-01 2.063406884595145596e-01
3.015747068768916961e-01 1.830723769814870394e-01
3.018188475018916961e-01 1.504075280247051671e-01
3.020629881268916961e-01 1.123562031434815200e-01
3.023071287518916961e-01 7.325583035427442324e-02
3.025512693768916961e-01 3.705008043714708849e-02
3.027954100018916961e-01 6.690112828797563360e-03
3.030395506268916961e-01 -1.622364301896685179e-02
3.032836912518916961e-01 -3.150057452348466874e-02
3.035278318768916961e-01 -4.013255133925508478e-02
3.037719725018916961e-01 -4.385779689741289150e-02
3.040161131268916961e-01 -4.463619193095139104e-02
3.042602537518916961e-01 -4.416687176649493340e-02
3.045043943768916961e-01 -4.355661294535963929e-02
3.047485350018916961e-01 -4.319966815241996216e-02
3.049926756268916961e-01 -4.287020193782968558e-02
3.052368162518916961e-01 -4.197347955263140695e-02
3.054809568768916961e-01 -3.986562845392391252e-02
3.057250975018916961e-01 -3.614257885554443550e-02
3.059692381268916961e-01 -3.081741615390604094e-02
3.062133787518916961e-01 -2.434497259096273306e-02
3.064575193768916961e-01 -1.750078151877119612e-02
3.067016600018916961e-01 -1.116444220900996917e-02
3.069458006268916961e-01 -6.083073710722915889e-03
3.071899412518916961e-01 -2.692328921724492646e-03
3.074340818768916961e-01 -1.050864016868737622e-03
3.076782225018916961e-01 -9.063320902691768266e-04
3.079223631268916961e-01 -1.868455793373684226e-03
3.081665037518916961e-01 -3.630153268736724392e-03
3.084106443768916961e-01 -6.161131042291670412e-03
3.086547850018916961e-01 -9.804570276917029537e-03
3.088989256268916961e-01 -1.523469906774765209e-02
3.091430662518916961e-01 -2.327339658543779721e-02
3.093872068768916961e-01 -3.460607866638040764e-02
3.096313475018916961e-01 -4.946912001258872704e-02
3.098754881268916961e-01 -6.739402026631977072e-02
3.101196287518916961e-01 -8.708379095256028879e-02
3.103637693768916961e-01 -1.064672251383901314e-01
3.106079100018916961e-01 -1.229347878609128586e-01
3.108520506268916961e-01 -1.337168720635188990e-01
3.110961912518916961e-01 -1.363321058947850051e-01
3.113403318768916961e-01 -1.290182510502064506e-01
3.115844725018916961e-01 -1.110639061172879194e-01
3.118286131268916961e-01 -8.298301005337746505e-02
3.120727537518916961e-01 -4.650874552671434986e-02
3.123168943768916961e-01 -4.419314962551870382e-03
3.125610350018916961e-01 3.976378478601599875e-02
3.128051756268916961e-01 8.214982358326006207e-02
3.130493162518916961e-01 1.188704607405715319e-01
3.132934568768916961e-01 1.464461990270533864e-01
3.135375975018916961e-01 1.621021691380797602e-01
3.137817381268916961e-01 1.640228699518699873e-01
3.140258787518916961e-01 1.515429677529351871e-01
3.142700193768916961e-01 1.252692263334127809e-01
3.145141600018916961e-01 8.711960083715250547e-02
3.147583006268916961e-01 4.025551033167701354e-02
3.150024412518916961e-01 -1.112026017311347828e-02
3.152465818768916961e-01 -6.211862357823431935e-02
3.154907225018916961e-01 -1.076671859234570594e-01
3.157348631268916961e-01 -1.431210332876535207e-01
3.159790037518916961e-01 -1.649029437470880821e-01
3.162231443768916961e-01 -1.710648654741075136e-01
3.164672850018916961e-01 -1.616526523142525762e-01
3.167114256268916961e-01 -1.387739301153473048e-01
3.169555662518916961e-01 -1.063156439253021002e-01
3.171997068768916961e-01 -6.932627930253308646e-02
3.174438475018916961e-01 -3.315369255260199044e-02
3.176879881268916961e-01 -2.494468522368009644e-03
3.179321287518916961e-01 1.945330127970524431e-02
3.181762693768916961e-01 3.154762816678177706e-02
3.184204100018916961e-01 3.483507019001633176e-02
3.186645506268916961e-01 3.221004545819042275e-02
3.189086912518916961e-01 2.765935247140908701e-02
3.191528318768916961e-01 2.525059809130845295e-02
3.193969725018916961e-01 2.809242443738286382e-02
3.196411131268916961e-01 3.751308384565227999e-02
3.198852537518916961e-01 5.266394683645623381e-02
3.201293943768916961e-01 7.066198176488924787e-02
3.203735350018916961e-01 8.725969241096004358e-02
3.206176756268916961e-01 9.790145158043256357e-02
3.208618162518916961e-01 9.892331569182702400e-02
3.211059568768916961e-01 8.860580368360257419e-02
3.213500975018916961e-01 6.781026623931035724e-02
3.215942381268916961e-01 4.001755742582732006e-02
3.218383787518916961e-01 1.072432738981910286e-02
3.220825193768916961e-01 -1.369383302542602314e-02
3.223266600018916961e-01 -2.740875794469814150e-02
3.225708006268916961e-01 -2.653056913932058322e-02
3.228149412518916961e-01 -1.013152272790605532e-02
3.230590818768916961e-01 1.935592646447417686e-02
3.233032225018916961e-01 5.648837266119680067e-02
3.235473631268916961e-01 9.385868235899084977e-02
3.237915037518916961e-01 1.236272449423601594e-01
3.240356443768916961e-01 1.392043733737671207e-01
3.242797850018916961e-01 1.367071075095611099e-01
3.245239256268916961e-01 1.158568547156747647e-01
3.247680662518916961e-01 8.010592559123008716e-02
3.250122068768916961e-01 3.595362605117119470e-02
3.252563475018916961e-01 -8.403788136068041092e-03
3.255004881268916961e-01 -4.479324044234855862e-02
3.257446287518916961e-01 -6.677478864377167644e-02
3.259887693768916961e-01 -7.096425772079799354e-02
3.262329100018916961e-01 -5.768094702077247032e-02
3.264770506268916961e-01 -3.078748839242445579e-02
3.267211912518916961e-01 3.227801777030699093e-03
3.269653318768916961e-01 3.670683970254132178e-02
3.272094725018916961e-01 6.248123211452061287e-02
3.274536131268916961e-01 7.536426788305053415e-02
3.276977537518916961e-01 7.315397907670573296e-02
3.279418943768916961e-01 5.694733711529816056e-02
3.281860350018916961e-01 3.072863245716327824e-02
3.284301756268916961e-01 3.600206365568237032e-04
3.286743162518916961e-01 -2.776961185537664412e-02
3.289184568768916961e-01 -4.811850010457530136e-02
3.291625975018916961e-01 -5.708403370526160536e-02
3.294067381268916961e-01 -5.359290847990737239e-02
3.296508787518916961e-01 -3.910007972646653562e-02
3.298950193768916961e-01 -1.705029418310771705e-02
3.301391600018916961e-01 8.023856907369529556e-03
3.303833006268916961e-01 3.152402308873572534e-02
3.306274412518916961e-01 4.968012631214289293e-02
3.308715818768916961e-01 6.012473857071463923e-02
3.311157225018916961e-01 6.205581557886589994e-02
3.313598631268916961e-01 5.601008638172451370e-02
3.316040037518916961e-01 4.336785112720650120e-02
3.318481443768916961e-01 2.576785447139517959e-02
3.320922850018916961e-01 4.615572727632187219e-03
3.323364256268916961e-01 -1.917822922065147428e-02
3.325805662518916961e-01 -4.517374379386344257e-02
3.328247068768916961e-01 -7.313103567232685787e-02
3.330688475018916961e-01 -1.026066285844208642e-01
3.333129881268916961e-01 -1.325730087545465286e-01
3.335571287518916961e-01 -1.612092753446420224e-01
3.338012693768916961e-01 -1.859599158958779863e-01
3.340454100018916961e-01 -2.038784262192904762e-01
3.342895506268916961e-01 -2.121862349511164092e-01
3.345336912518916961e-01 -2.089094712980508750e-01
3.347778318768916961e-01 -1.934255346043827761e-01
3.350219725018916961e-01 -1.667667647697592959e-01
3.352661131268916961e-01 -1.315857496469925170e-01
3.355102537518916961e-01 -9.177058320662520585e-02
3.357543943768916961e-01 -5.178632588686815641e-02
3.359985350018916961e-01 -1.588773979859348789e-02
3.362426756268916961e-01 1.261983289720604307e-02
3.364868162518916961e-01 3.190764656287775614e-02
3.367309568768916961e-01 4.182876579656452654e-02
3.369750975018916961e-01 4.377102523732961936e-02
3.372192381268916961e-01 4.021188883229059874e-02
3.374633787518916961e-01 3.409667148930203839e-02
3.377075193768916961e-01 2.819513498319781153e-02
3.379516600018916961e-01 2.458415633654416343e-02
3.381958006268916961e-01 2.436001803861662096e-02
3.384399412518916961e-01 2.761657892146082705e-02
3.386840818768916961e-01 3.365445019507608271e-02
3.389282225018916961e-01 4.133074046384789535e-02
3.391723631268916961e-01 4.943312142584332936e-02
3.394165037518916961e-01 5.697108031407835393e-02
3.396606443768916961e-01 6.331631270021409463e-02
3.399047850018916961e-01 6.817993772342775816e-02
3.401489256268916961e-01 7.146896803502478246e-02
3.403930662518916961e-01 7.310156793104991002e-02
3.406372068768916961e-01 7.286923328869983341e-02
3.408813475018916961e-01 7.041220778545273506e-02
3.411254881268916961e-01 6.532970258863984858e-02
3.413696287518916961e-01 5.739342024162080724e-02
3.416137693768916961e-01 4.678882971448058981e-02
3.418579100018916961e-01 3.428842319287497831e-02
3.421020506268916961e-01 2.127257369685697785e-02
3.423461912518916961e-01 9.554780192704101505e-03
3.425903318768916961e-01 1.027862412101107625e-03
3.428344725018916961e-01 -2.791449439190657467e-03
3.430786131268916961e-01 -1.198951921846866386e-03
3.433227537518916961e-01 5.410857176530753376e-03
3.435668943768916961e-01 1.551249410573477677e-02
3.438110350018916961e-01 2.671364001815883238e-02
3.440551756268916961e-01 3.627878499857183775e-02
3.442993162518916961e-01 4.179883227220982517e-02
3.445434568768916961e-01 4.184132642669152052e-02
3.447875975018916961e-01 3.640530201037820573e-02
3.450317381268916961e-01 2.704117515429517796e-02
3.452758787518916961e-01 1.657300674023071477e-02
3.455200193768916961e-01 8.459846039341238633e-03
3.457641600018916961e-01 5.929661139573563777e-03
3.460083006268916961e-01 1.108788829863385089e-02
3.462524412518916961e-01 2.422340126936389088e-02
3.464965818768916961e-01 4.349985180494146675e-02
3.467407225018916961e-01 6.513613867891426823e-02
3.469848631268916961e-01 8.406549157277384832e-02
3.472290037518916961e-01 9.494597453479325377e-02
3.474731443768916961e-01 9.330527699655723206e-02
3.477172850018916961e-01 7.656265223284233756e-02
3.479614256268916961e-01 4.469192747285027911e-02
3.482055662518916961e-01 3.676835169359321531e-04
3.484497068768916961e-01 -5.144630923053435112e-02
3.486938475018916961e-01 -1.043796669857037923e-01
3.489379881268916961e-01 -1.518149432523952791e-01
3.491821287518916961e-01 -1.880691724175573010e-01
3.494262693768916961e-01 -2.093423403048436104e-01
3.496704100018916961e-01 -2.142378353447682571e-01
3.499145506268916961e-01 -2.037646990010206216e-01
3.501586912518916961e-01 -1.808544893663765751e-01
3.504028318768916961e-01 -1.495363128538811370e-01
3.506469725018916961e-01 -1.139852699817963527e-01
3.508911131268916961e-01 -7.767581437375120634e-02
3.511352537518916961e-01 -4.283031215389143664e-02
3.513793943768916961e-01 -1.026694351341909950e-02
3.516235350018916961e-01 2.035645707363022139e-02
3.518676756268916961e-01 5.000676362833868932e-02
3.521118162518916961e-01 7.962071992312175217e-02
3.523559568768916961e-01 1.095234402397460838e-01
3.526000975018916961e-01 1.390812053304096019e-01
3.528442381268916961e-01 1.666769578949622299e-01
3.530883787518916961e-01 1.900043318279104887e-01
3.533325193768916961e-01 2.065889213723350881e-01
3.535766600018916961e-01 2.143868698137502971e-01
3.538208006268916961e-01 2.122953026669110455e-01
3.540649412518916961e-01 2.004390809206822444e-01
3.543090818768916961e-01 1.801638260734668151e-01
3.545532225018916961e-01 1.537468742462018145e-01
3.547973631268916961e-01 1.239126964333270992e-01
3.550415037518916961e-01 9.328701243680789790e-02
3.552856443768916961e-01 6.393221244575655882e-02
3.555297850018916961e-01 3.707506481200414927e-02
3.557739256268916961e-01 1.307661895259286736e-02
3.560180662518916961e-01 -8.377655401385793871e-03
3.562622068768916961e-01 -2.795090278356557323e-02
3.565063475018916961e-01 -4.630786689138877144e-02
3.567504881268916961e-01 -6.386080693948387177e-02
3.569946287518916961e-01 -8.068243319735438068e-02
3.572387693768916961e-01 -9.659849587571715801e-02
3.574829100018916961e-01 -1.114079690315635113e-01
3.577270506268916961e-01 -1.251312711402951805e-01
3.579711912518916961e-01 -1.381721502731442230e-01
3.582153318768916961e-01 -1.513025946243323205e-01
3.584594725018916961e-01 -1.654366530902383614e-01
3.587036131268916961e-01 -1.812323408915982315e-01
3.589477537518916961e-01 -1.986289265035328933e-01
3.591918943768916961e-01 -2.164682050595469476e-01
3.594360350018916961e-01 -2.323478439353428571e-01
3.596801756268916961e-01 -2.428088321418037099e-01
3.599243162518916961e-01 -2.438767419850593199e-01
3.601684568768916961e-01 -2.318782355357772995e-01
3.604125975018916961e-01 -2.043662964734609400e-01
3.606567381268916961e-01 -1.609353135648551036e-01
3.609008787518916961e-01 -1.037076649078347013e-01
3.611450193768916961e-01 -3.733102101333421463e-02
3.613891600018916961e-01 3.157053671802148576e-02
3.616333006268916961e-01 9.542182187316985975e-02
3.618774412518916961e-01 1.470097876701274564e-01
3.621215818768916961e-01 1.808156774253531496e-01
3.623657225018916961e-01 1.940766193112593574e-01
3.626098631268916961e-01 1.873346295043085419e-01
3.628540037518916961e-01 1.643373804871371691e-01
3.630981443768916961e-01 1.312967123164935357e-01
3.633422850018916961e-01 9.565470718578655829e-02
3.635864256268916961e-01 6.461896456554094836e-02
3.638305662518916961e-01 4.378147938760479363e-02
3.640747068768916961e-01 3.611618555260145969e-02
3.643188475018916961e-01 4.156302314311030588e-02
3.645629881268916961e-01 5.727189632361730232e-02
3.648071287518916961e-01 7.843000878212669225e-02
3.650512693768916961e-01 9.946621122770493706e-02
3.652954100018916961e-01 1.153464680625173322e-01
3.655395506268916961e-01 1.226632161652496805e-01
3.657836912518916961e-01 1.202795132187978178e-01
3.660278318768916961e-01 1.094010809962139563e-01
3.662719725018916961e-01 9.308767133779705105e-02
3.665161131268916961e-01 7.534611174815619705e-02
3.667602537518916961e-01 6.004013189514178367e-02
3.670043943768916961e-01 4.988593489246619106e-02
3.672485350018916961e-01 4.577155403265385780e-02
3.674926756268916961e-01 4.655214449404506544e-02
3.677368162518916961e-01 4.935508762161849861e-02
3.679809568768916961e-01 5.030751807743161219e-02
3.682250975018916961e-01 4.550340721559812535e-02
3.684692381268916961e-01 3.197890269786650419e-02
3.687133787518916961e-01 8.472189251462730608e-03
3.689575193768916961e-01 -2.419715892147782099e-02
3.692016600018916961e-01 -6.320122967072849818e-02
3.694458006268916961e-01 -1.041973697587790793e-01
3.696899412518916961e-01 -1.421207805306887173e-01
3.699340818768916961e-01 -1.720984780054748142e-01
3.701782225018916961e-01 -1.902945350430077787e-01
3.704223631268916961e-01 -1.945265937747521767e-01
3.706665037518916961e-01 -1.845551854410669435e-01
3.709106443768916961e-01 -1.620230849468403678e-01
3.711547850018916961e-01 -1.300930114309128138e-01
3.713989256268916961e-01 -9.288309210168424479e-02
3.716430662518916961e-01 -5.482208250626605106e-02
3.718872068768916961e-01 -2.003996330388504998e-02
3.721313475018916961e-01 8.119046983950412022e-03
3.723754881268916961e-01 2.741368795399973246e-02
3.726196287518916961e-01 3.684457130586124562e-02
3.728637693768916961e-01 3.663522522883902455e-02
3.731079100018916961e-01 2.809027012050588357e-02
3.733520506268916961e-01 1.336701784309357599e-02
3.735961912518916961e-01 -4.810079924376403637e-03
3.738403318768916961e-01 -2.347088423829585269e-02
3.740844725018916961e-01 -3.973934000301140856e-02
3.743286131268916961e-01 -5.117052065630292579e-02
3.745727537518916961e-01 -5.605477775931638762e-02
3.748168943768916961e-01 -5.364897709939364656e-02
3.750610350018916961e-01 -4.429071668328210531e-02
3.753051756268916961e-01 -2.935859801947660053e-02
3.755493162518916961e-01 -1.106224577329678604e-02
3.757934568768916961e-01 7.922591717670013356e-03
3.760375975018916961e-01 2.492273829845484401e-02
3.762817381268916961e-01 3.775859760292589462e-02
3.765258787518916961e-01 4.516060016359242646e-02
3.767700193768916961e-01 4.702032119886673245e-02
3.770141600018916961e-01 4.441427181837086929e-02
3.772583006268916961e-01 3.938476654638497360e-02
3.775024412518916961e-01 3.451594953235655183e-02
3.777465818768916961e-01 3.239088293880571651e-02
3.779907225018916961e-01 3.504511783888808463e-02
3.782348631268916961e-01 4.353510056060193312e-02
3.784790037518916961e-01 5.771446952185749213e-02
3.787231443768916961e-01 7.626347162717456163e-02
3.789672850018916961e-01 9.695811899591069705e-02
3.792114256268916961e-01 1.171110820033271077e-01
3.794555662518916961e-01 1.340795196720357407e-01
3.796997068768916961e-01 1.457252387402234728e-01
3.799438475018916961e-01 1.507316741386486858e-01
3.801879881268916961e-01 1.487243274475838761e-01
3.804321287518916961e-01 1.401944289611255501e-01
3.806762693768916961e-01 1.262748201688117244e-01
3.809204100018916961e-01 1.084488743664063781e-01
3.811645506268916961e-01 8.827939250369024049e-02
3.814086912518916961e-01 6.722415662718175811e-02
3.816528318768916961e-01 4.656536785239487330e-02
3.818969725018916961e-01 2.743450453577583881e-02
3.821411131268916961e-01 1.087716809955552311e-02
3.823852537518916961e-01 -2.113292505972697022e-03
3.826293943768916961e-01 -1.065307901882528441e-02
3.828735350018916961e-01 -1.413949103861633638e-02
3.831176756268916961e-01 -1.250942054239395640e-02
3.833618162518916961e-01 -6.508652135449433107e-03
3.836059568768916961e-01 2.134299019124707986e-03
3.838500975018916961e-01 1.073476715113652613e-02
3.840942381268916961e-01 1.594680367388395803e-02
3.843383787518916961e-01 1.432744393702256591e-02
3.845825193768916961e-01 3.090768750032335532e-03
3.848266600018916961e-01 -1.910080636723288094e-02
3.850708006268916961e-01 -5.150368735924856778e-02
3.853149412518916961e-01 -9.101127129927577553e-02
3.855590818768916961e-01 -1.323608206783347674e-01
3.858032225018916961e-01 -1.688678225669404398e-01
3.860473631268916961e-01 -1.936038394399332563e-01
3.862915037518916961e-01 -2.008156171657444478e-01
3.865356443768916961e-01 -1.872994777775149333e-01
3.867797850018916961e-01 -1.534198425853584291e-01
3.870239256268916961e-01 -1.035057742088798804e-01
3.872680662518916961e-01 -4.547024140324366914e-02
3.875122068768916961e-01 1.034712175747838636e-02
3.877563475018916961e-01 5.294425771947521703e-02
3.880004881268916961e-01 7.271456427255146293e-02
3.882446287518916961e-01 6.339994730220627206e-02
3.884887693768916961e-01 2.353642163584254016e-02
3.887329100018916961e-01 -4.292869354860130715e-02
3.889770506268916961e-01 -1.270155021737119916e-01
3.892211912518916961e-01 -2.160588895284570043e-01
3.894653318768916961e-01 -2.958013091684579265e-01
3.897094725018916961e-01 -3.528521731230523928e-01
3.899536131268916961e-01 -3.770530928886383637e-01
3.901977537518916961e-01 -3.632980710341224828e-01
3.904418943768916961e-01 -3.124581867880642516e-01
3.906860350018916961e-01 -2.312311992007748951e-01
3.909301756268916961e-01 -1.309431146289751213e-01
3.911743162518916961e-01 -2.552938720269332107e-02
3.914184568768916961e-01 7.092191834260486161e-02
3.916625975018916961e-01 1.466039254242953449e-01
3.919067381268916961e-01 1.939518777169631780e-01
3.921508787518916961e-01 2.107784696311590655e-01
3.923950193768916961e-01 2.003928836444542894e-01
3.926391600018916961e-01 1.707070063244213176e-01
3.928833006268916961e-01 1.325207670328160392e-01
3.931274412518916961e-01 9.732607856841593574e-02
3.933715818768916961e-01 7.504936433662429129e-02
3.936157225018916961e-01 7.215359759239825532e-02
3.938598631268916961e-01 9.044473427771776430e-02
3.941040037518916961e-01 1.267907485876642870e-01
3.943481443768916961e-01 1.737906032250416122e-01
3.945922850018916961e-01 2.212567088670365223e-01
3.948364256268916961e-01 2.582283206249439411e-01
3.950805662518916961e-01 2.751396539335454472e-01
3.953247068768916961e-01 2.657404744898176907e-01
3.955688475018916961e-01 2.284121008971749245e-01
3.958129881268916961e-01 1.666299134053477182e-01
3.960571287518916961e-01 8.847606499151673687e-02
3.963012693768916961e-01 5.277297677116016272e-03
3.965454100018916961e-01 -7.039661649260889331e-02
3.967895506268916961e-01 -1.270163078963114645e-01
3.970336912518916961e-01 -1.562396733869957366e-01
3.972778318768916961e-01 -1.545167214800463040e-01
3.975219725018916961e-01 -1.238345578687356924e-01
3.977661131268916961e-01 -7.143445153156771643e-02
3.980102537518916961e-01 -8.520495398604915893e-03
3.982543943768916961e-01 5.182813795105750687e-02
3.984985350018916961e-01 9.716796986931411362e-02
3.987426756268916961e-01 1.181540082449682172e-01
3.989868162518916961e-01 1.104722939683208949e-01
3.992309568768916961e-01 7.584239042317333923e-02
3.994750975018916961e-01 2.185541906258570144e-02
3.997192381268916961e-01 -3.936653094547426512e-02
3.999633787518916961e-01 -9.346991548411059947e-02
4.002075193768916961e-01 -1.267075677816407731e-01
4.004516600018916961e-01 -1.287690450636138906e-01
4.006958006268916961e-01 -9.503769418047214312e-02
4.009399412518916961e-01 -2.780302232815956565e-02
4.011840818768916961e-01 6.384870098142592099e-02
4.014282225018916961e-01 1.654846278400679549e-01
4.016723631268916961e-01 2.598649470981307386e-01
4.019165037518916961e-01 3.300940400879374681e-01
4.021606443768916961e-01 3.627714706750466145e-01
4.024047850018916961e-01 3.505206524175156768e-01
4.026489256268916961e-01 2.933909775012841226e-01
4.028930662518916961e-01 1.988530155681081935e-01
4.031372068768916961e-01 8.039023974625281177e-02
4.033813475018916961e-01 -4.502501088541971397e-02
4.036254881268916961e-01 -1.600594259979679634e-01
4.038696287518916961e-01 -2.501223150308293230e-01
4.041137693768916961e-01 -3.058329476543136805e-01
4.043579100018916961e-01 -3.243839097630684121e-01
4.046020506268916961e-01 -3.095724051278201383e-01
4.048461912518916961e-01 -2.705532566408507811e-01
4.050903318768916961e-01 -2.196294121955068013e-01
4.053344725018916961e-01 -1.695815342698321904e-01
4.055786131268916961e-01 -1.311094191524246888e-01
4.058227537518916961e-01 -1.109028277940143914e-01
4.060668943768916961e-01 -1.106948502335364931e-01
4.063110350018916961e-01 -1.274183745372356458e-01
4.065551756268916961e-01 -1.543407976423116779e-01
4.067993162518916961e-01 -1.828497630595130596e-01
4.070434568768916961e-01 -2.044470488427388433e-01
4.072875975018916961e-01 -2.125001936591164875e-01
4.075317381268916961e-01 -2.033970713250506934e-01
4.077758787518916961e-01 -1.769182973091292244e-01
4.080200193768916961e-01 -1.358408690778118988e-01
4.082641600018916961e-01 -8.496419584954023607e-02
4.085083006268916961e-01 -2.986500302853523081e-02
4.087524412518916961e-01 2.428327901316940096e-02
4.089965818768916961e-01 7.354892774777710418e-02
4.092407225018916961e-01 1.155840775654160546e-01
4.094848631268916961e-01 1.494690465280648084e-01
4.097290037518916961e-01 1.751963323006763829e-01
4.099731443768916961e-01 1.930208615246513659e-01
4.102172850018916961e-01 2.029208565323399049e-01
4.104614256268916961e-01 2.043589995271880289e-01
4.107055662518916961e-01 1.964250688081675689e-01
4.109497068768916961e-01 1.783116889042511422e-01
4.111938475018916961e-01 1.499619705385344115e-01
4.114379881268916961e-01 1.126638685391119082e-01
4.116821287518916961e-01 6.936919886238301913e-02
4.119262693768916961e-01 2.458474472963464996e-02
4.121704100018916961e-01 -1.620035008931821480e-02
4.124145506268916961e-01 -4.745480330733244101e-02
4.126586912518916961e-01 -6.470629691758626734e-02
4.129028318768916961e-01 -6.553813505124370109e-02
4.131469725018916961e-01 -5.022648952502289932e-02
4.133911131268916961e-01 -2.184110029251962182e-02
4.136352537518916961e-01 1.424181066054047706e-02
4.138793943768916961e-01 5.132387821649431192e-02
4.141235350018916961e-01 8.265438996359586454e-02
4.143676756268916961e-01 1.027040422330539604e-01
4.146118162518916961e-01 1.081606420297523963e-01
4.148559568768916961e-01 9.843313279641308089e-02
4.151000975018916961e-01 7.556972251179849831e-02
4.153442381268916961e-01 4.363563983287133130e-02
4.155883787518916961e-01 7.720835553435834164e-03
4.158325193768916961e-01 -2.717297321930545184e-02
4.160766600018916961e-01 -5.710153252472455199e-02
4.163208006268916961e-01 -7.978984597374516596e-02
4.165649412518916961e-01 -9.477394988205156690e-02
4.168090818768916961e-01 -1.030840707016155433e-01
4.170532225018916961e-01 -1.065949581924102024e-01
4.172973631268916961e-01 -1.072452254620964024e-01
4.175415037518916961e-01 -1.063474815859293404e-01
4.177856443768916961e-01 -1.041724284572651815e-01
4.180297850018916961e-01 -9.990573947111525133e-02
4.182739256268916961e-01 -9.197062754637613802e-02
4.185180662518916961e-01 -7.861027589406321958e-02
4.187622068768916961e-01 -5.855827755124498601e-02
4.190063475018916961e-01 -3.160764489146106193e-02
4.192504881268916961e-01 1.077968742931756374e-03
4.194946287518916961e-01 3.699469055289428265e-02
4.197387693768916961e-01 7.266348655340026941e-02
4.199829100018916961e-01 1.042383904809928152e-01
4.202270506268916961e-01 1.282100116818644109e-01
4.204711912518916961e-01 1.420409013213631555e-01
4.207153318768916961e-01 1.445958562669458769e-01
4.209594725018916961e-01 1.362885898769839454e-01
4.212036131268916961e-01 1.189384336525379920e-01
4.214477537518916961e-01 9.539660396310856161e-02
4.216918943768916961e-01 6.904437040594782471e-02
4.219360350018916961e-01 4.327651786300568126e-02
4.221801756268916961e-01 2.106404345969470349e-02
4.224243162518916961e-01 4.650101952565544039e-03
4.226684568768916961e-01 -4.612070770728560198e-03
4.229125975018916961e-01 -6.306016392739310916e-03
4.231567381268916961e-01 -9.258154253530825883e-04
4.234008787518916961e-01 1.018828238476321424e-02
4.236450193768916961e-01 2.494100596476034326e-02
4.238891600018916961e-01 4.061651638722463264e-02
4.241333006268916961e-01 5.409085046587602807e-02
4.243774412518916961e-01 6.215471710304126818e-02
4.246215818768916961e-01 6.195277929576245568e-02
4.248657225018916961e-01 5.150113090853816744e-02
4.251098631268916961e-01 3.019576215886232706e-02
4.253540037518916961e-01 -8.108146502103785735e-04
4.255981443768916961e-01 -3.849365736184484632e-02
4.258422850018916961e-01 -7.819639921277621308e-02
4.260864256268916961e-01 -1.142558021002862967e-01
4.263305662518916961e-01 -1.409437745365886840e-01
4.265747068768916961e-01 -1.535677735697787982e-01
4.268188475018916961e-01 -1.495035482822879014e-01
4.270629881268916961e-01 -1.289157075188109847e-01
4.273071287518916961e-01 -9.496332227207870957e-02
4.275512693768916961e-01 -5.338625142304942450e-02
4.277954100018916961e-01 -1.150393624581536045e-02
4.280395506268916961e-01 2.319907860549863532e-02
4.282836912518916961e-01 4.461339914641326843e-02
4.285278318768916961e-01 4.933052985967445458e-02
4.287719725018916961e-01 3.743958644690853488e-02
4.290161131268916961e-01 1.258405690733971349e-02
4.292602537518916961e-01 -1.877130355378832383e-02
4.295043943768916961e-01 -4.873114461037363065e-02
4.297485350018916961e-01 -6.972553243434823078e-02
4.299926756268916961e-01 -7.624155215238320737e-02
4.302368162518916961e-01 -6.613207922823444163e-02
4.304809568768916961e-01 -4.118900890607257725e-02
4.307250975018916961e-01 -6.830796522360071954e-03
4.309692381268916961e-01 2.904338981534629327e-02
4.312133787518916961e-01 5.778603111049289420e-02
4.314575193768916961e-01 7.193347160640917171e-02
4.317016600018916961e-01 6.690078998933661480e-02
4.319458006268916961e-01 4.205395586248147910e-02
4.321899412518916961e-01 9.165881859999891468e-04
4.324340818768916961e-01 -4.953150457086322178e-02
4.326782225018916961e-01 -1.002993829629681422e-01
4.329223631268916961e-01 -1.422373314336165540e-01
4.331665037518916961e-01 -1.678814059465252861e-01
4.334106443768916961e-01 -1.728716574205162448e-01
4.336547850018916961e-01 -1.566658360090016355e-01
4.338989256268916961e-01 -1.223796097738482913e-01
4.341430662518916961e-01 -7.592581923262645138e-02
4.343872068768916961e-01 -2.466142029028861593e-02
4.346313475018916961e-01 2.424680225178116322e-02
4.348754881268916961e-01 6.519768939873404889e-02
4.351196287518916961e-01 9.500373974232886876e-02
4.353637693768916961e-01 1.130708294393805713e-01
4.356079100018916961e-01 1.209389978706898738e-01
4.358520506268916961e-01 1.213837462114187027e-01
4.360961912518916961e-01 1.173685936571929739e-01
4.363403318768916961e-01 1.111596012755997481e-01
4.365844725018916961e-01 1.038366192196428089e-01
4.368286131268916961e-01 9.530516232288034628e-02
4.370727537518916961e-01 8.475570876343488380e-02
4.373168943768916961e-01 7.138440453211442049e-02
4.375610350018916961e-01 5.511497148898437948e-02
4.378051756268916961e-01 3.706671104659085142e-02
4.380493162518916961e-01 1.959438253819496822e-02
4.382934568768916961e-01 5.858231143353126447e-03
4.385375975018916961e-01 -9.720478262804921332e-04
4.387817381268916961e-01 1.341130908166218716e-03
4.390258787518916961e-01 1.329128304314959597e-02
4.392700193768916961e-01 3.319719454296928690e-02
4.395141600018916961e-01 5.730973672916209877e-02
4.397583006268916961e-01 8.047056323997825444e-02
4.400024412518916961e-01 9.718760468796405760e-02
4.402465818768916961e-01 1.028756435181824025e-01
4.404907225018916961e-01 9.495808218479663554e-02
4.407348631268916961e-01 7.355251624060755999e-02
4.409790037518916961e-01 4.156109331254655148e-02
4.412231443768916961e-01 4.131187470962860431e-03
4.414672850018916961e-01 -3.239482349618970358e-02
4.417114256268916961e-01 -6.179907437991814800e-02
4.419555662518916961e-01 -7.927358358637319469e-02
4.421997068768916961e-01 -8.238137309601867297e-02
4.424438475018916961e-01 -7.148636960095630655e-02
4.426879881268916961e-01 -4.957518572047080185e-02
4.429321287518916961e-01 -2.153703132691831695e-02
4.431762693768916961e-01 6.911426007592731159e-03
4.434204100018916961e-01 3.039971693549094189e-02
4.436645506268916961e-01 4.491436880647557695e-02
4.439086912518916961e-01 4.844248925000840117e-02
4.441528318768916961e-01 4.114437759586328514e-02
4.443969725018916961e-01 2.506772007791016957e-02
4.446411131268916961e-01 3.518275757937627986e-03
4.448852537518916961e-01 -1.973339009306145087e-02
4.451293943768916961e-01 -4.121478473130980869e-02
4.453735350018916961e-01 -5.832313306522857871e-02
4.456176756268916961e-01 -6.961299142468266310e-02
4.458618162518916961e-01 -7.478846586910532779e-02
4.461059568768916961e-01 -7.446115393689671513e-02
4.463500975018916961e-01 -6.978098691483985982e-02
4.465942381268916961e-01 -6.205833897030138546e-02
4.468383787518916961e-01 -5.247399857849290722e-02
4.470825193768916961e-01 -4.192948742252756295e-02
4.473266600018916961e-01 -3.103920733523086659e-02
4.475708006268916961e-01 -2.022341818321925916e-02
4.478149412518916961e-01 -9.838140473873236216e-03
4.480590818768916961e-01 -2.787252513385218931e-04
4.483032225018916961e-01 7.985400331115825867e-03
4.485473631268916961e-01 1.445547483276285461e-02
4.487915037518916961e-01 1.870678663979940745e-02
4.490356443768916961e-01 2.050872095439250017e-02
4.492797850018916961e-01 1.991453498440034012e-02
4.495239256268916961e-01 1.728533252045257387e-02
4.497680662518916961e-01 1.323548466811163941e-02
4.500122068768916961e-01 8.512711740839000452e-03
4.502563475018916961e-01 3.846639348000176206e-03
4.505004881268916961e-01 -1.913827611518615149e-04
4.507446287518916961e-01 -3.279222001038714293e-03
4.509887693768916961e-01 -5.363980557637632214e-03
4.512329100018916961e-01 -6.611434992931201904e-03
4.514770506268916961e-01 -7.305846754084622391e-03
4.517211912518916961e-01 -7.734012873419101979e-03
4.519653318768916961e-01 -8.089197341510576122e-03
4.522094725018916961e-01 -8.421420439890523954e-03
4.524536131268916961e-01 -8.644069250264608401e-03
4.526977537518916961e-01 -8.588540625516423790e-03
4.529418943768916961e-01 -8.084398638320187958e-03
4.531860350018916961e-01 -7.036427216733314935e-03
4.534301756268916961e-01 -5.473269573725582024e-03
4.536743162518916961e-01 -3.553326612558526353e-03
4.539184568768916961e-01 -1.528223878332603909e-03
4.541625975018916961e-01 3.224141041031350005e-04
4.544067381268916961e-01 1.763048867906894055e-03
4.546508787518916961e-01 2.658719494252417131e-03
4.548950193768916961e-01 2.999961594545337649e-03
4.551391600018916961e-01 2.891144085373718083e-03
4.553833006268916961e-01 2.508852381142997589e-03
4.556274412518916961e-01 2.045513286757912660e-03
4.558715818768916961e-01 1.656490522326307686e-03
4.561157225018916961e-01 1.425895316827149959e-03
4.563598631268916961e-01 1.358851321745856199e-03
4.566040037518916961e-01 1.398766410597359353e-03
4.568481443768916961e-01 1.460441510536133157e-03
4.570922850018916961e-01 1.465974245934610880e-03
4.573364256268916961e-01 1.371298727093538767e-03
4.575805662518916961e-01 1.176025381630811618e-03
4.578247068768916961e-01 9.160492568049544149e-04
4.580688475018916961e-01 6.443733029641898194e-04
4.583129881268916961e-01 4.093484058294435349e-04
4.585571287518916961e-01 2.384021576976036721e-04
4.588012693768916961e-01 1.335808517080793942e-04
4.590454100018916961e-01 7.724893808849569391e-05
4.592895506268916961e-01 4.605741780644701498e-05
4.595336912518916961e-01 2.301175813771063749e-05
4.597778318768916961e-01 5.234646574427356496e-06
